WP_012504604.1	WP_011563000.1	40.598	468	250	6	24	488	5	447	4.25e-115	343
WP_012504606.1	WP_011563003.1	28.613	346	228	5	6	346	8	339	1.10e-38	139
WP_012504610.1	WP_011565272.1	33.051	118	72	4	304	416	274	389	6.03e-08	51.6
WP_012504615.1	WP_011564315.1	35.214	443	244	7	153	587	62	469	6.72e-70	230
WP_012504616.1	WP_049761262.1	31.544	298	168	5	8	292	4	278	2.45e-39	137
WP_012504617.1	WP_083759928.1	32.701	211	128	3	68	272	84	286	1.52e-29	114
WP_012504618.1	WP_011563004.1	54.700	649	283	6	1	644	2	644	0.0	718
WP_012504619.1	WP_041328177.1	40.171	117	65	1	9	125	8	119	2.47e-22	82.0
WP_012504620.1	WP_011564373.1	35.165	182	108	3	18	198	27	199	1.21e-21	85.1
WP_012504623.1	WP_011563072.1	41.053	285	143	8	5	287	2	263	2.42e-50	164
WP_012504624.1	WP_011563862.1	36.810	326	188	8	39	357	52	366	8.06e-46	163
WP_012504626.1	WP_011564275.1	26.875	320	185	14	2	284	4	311	2.80e-15	73.2
WP_012504627.1	WP_011563761.1	52.401	479	196	7	19	487	7	463	1.00e-171	488
WP_012504628.1	WP_011565558.1	35.043	117	68	2	4	120	5	113	9.19e-18	71.2
WP_012504630.1	WP_011563626.1	35.498	462	264	13	7	456	6	445	5.15e-55	186
WP_012504634.1	WP_011563336.1	33.036	448	238	15	46	457	51	472	3.86e-51	179
WP_012504643.1	WP_011564592.1	38.647	207	95	5	51	257	4	178	2.04e-39	140
WP_012504645.1	WP_011564942.1	26.812	138	101	0	3	140	15	152	2.73e-12	58.2
WP_012504646.1	WP_011564939.1	32.151	451	271	13	20	436	2	451	5.51e-60	201
WP_012504652.1	WP_011564615.1	27.907	86	61	1	1	86	1	85	1.84e-10	50.4
WP_012504653.1	WP_011564616.1	65.875	463	154	3	4	462	27	489	0.0	619
WP_012504654.1	WP_011563030.1	29.655	145	82	5	37	173	68	200	7.78e-14	63.5
WP_012504658.1	WP_011564592.1	52.552	529	234	4	2	514	3	530	0.0	532
WP_012504659.1	WP_011564591.1	59.228	959	369	9	8	947	10	965	0.0	1166
WP_012504663.1	WP_049761192.1	22.849	337	213	12	30	330	54	379	9.52e-08	51.6
WP_012504688.1	WP_011564000.1	30.035	283	184	7	36	314	4	276	1.44e-14	71.6
WP_012504689.1	WP_011563648.1	55.200	125	56	0	19	143	7	131	2.36e-50	154
WP_012504691.1	WP_011564775.1	31.812	723	457	16	60	761	61	768	5.09e-67	236
WP_012504692.1	WP_011564775.1	35.659	129	69	2	10	129	796	919	7.30e-10	52.4
WP_012504693.1	WP_011566058.1	40.517	116	61	3	1	114	1	110	1.82e-22	82.4
WP_012504694.1	WP_011564773.1	31.373	408	237	12	6	403	12	386	1.10e-44	160
WP_012504695.1	WP_011564772.1	30.682	88	61	0	59	146	72	159	2.67e-11	55.5
WP_012504697.1	WP_011566054.1	41.176	102	59	1	5	106	8	108	1.26e-17	69.3
WP_012504701.1	WP_011563309.1	24.138	232	117	6	102	327	45	223	5.10e-14	72.0
WP_012504703.1	WP_011565761.1	27.293	447	300	13	1	436	1	433	1.16e-32	125
WP_012504704.1	WP_011564252.1	32.640	481	315	5	6	485	6	478	5.48e-68	222
WP_012504705.1	WP_011564253.1	26.797	459	311	10	7	461	4	441	2.06e-50	174
WP_012504705.1	WP_011564253.1	27.826	230	148	6	2	226	225	441	1.61e-15	74.7
WP_012504705.1	WP_011564253.1	26.786	224	144	6	235	452	2	211	2.96e-14	70.9
WP_012504708.1	WP_011564518.1	31.429	560	340	12	23	566	20	551	2.91e-53	190
WP_012504709.1	WP_011563725.1	25.000	348	234	13	13	345	9	344	1.06e-11	62.0
WP_012504712.1	WP_011564295.1	38.265	392	236	5	1	391	1	387	2.54e-85	262
WP_012504713.1	WP_156787623.1	25.269	186	99	5	3	153	156	336	3.47e-09	51.2
WP_012504714.1	WP_011564518.1	27.338	278	169	7	95	341	380	655	1.58e-20	89.4
WP_012504716.1	WP_011564630.1	46.334	341	182	1	12	352	16	355	1.75e-104	308
WP_012504717.1	WP_011564384.1	28.505	214	136	4	6	217	2	200	1.27e-23	98.2
WP_012504717.1	WP_011564384.1	27.948	229	148	5	223	450	120	332	4.39e-18	81.6
WP_012504718.1	WP_011564383.1	48.549	379	180	7	2	377	3	369	1.53e-103	307
WP_012504719.1	WP_041328082.1	42.529	87	50	0	3	89	8	94	2.61e-14	59.3
WP_012504720.1	WP_011565143.1	47.855	606	290	10	28	627	10	595	0.0	530
WP_012504721.1	WP_011565243.1	36.290	248	144	7	13	247	7	253	1.63e-22	90.9
WP_012504722.1	WP_011563785.1	45.719	619	324	8	1	614	1	612	6.05e-164	479
WP_012504723.1	WP_011563711.1	37.217	309	179	7	4	310	2	297	1.26e-64	202
WP_012504728.1	WP_041328377.1	38.889	54	33	0	51	104	132	185	5.69e-06	41.6
WP_012504732.1	WP_011563796.1	37.363	91	53	1	7	93	3	93	3.80e-10	54.7
WP_012504733.1	WP_011564500.1	36.905	84	53	0	39	122	38	121	1.30e-17	70.9
WP_012504734.1	WP_011563005.1	52.005	823	385	5	6	819	9	830	0.0	862
WP_012504736.1	WP_011564427.1	56.391	532	226	5	5	536	2	527	0.0	600
WP_012504745.1	WP_011564211.1	35.200	125	79	2	8	131	11	134	1.20e-22	83.6
WP_012504750.1	WP_269479218.1	32.222	90	61	0	10	99	6	95	8.88e-10	50.1
WP_012504752.1	WP_011563703.1	26.667	195	123	6	138	324	149	331	1.24e-09	55.1
WP_012504755.1	WP_011563044.1	45.370	108	53	3	6	113	1	102	6.80e-24	87.8
WP_012504757.1	WP_011563836.1	41.497	147	81	3	1	144	1	145	1.18e-34	115
WP_012504759.1	WP_011564286.1	45.820	323	164	5	23	341	28	343	3.57e-104	306
WP_012504760.1	WP_011564284.1	42.609	115	66	0	1	115	1	115	3.14e-28	97.1
WP_012504761.1	WP_011564283.1	46.774	62	33	0	1	62	1	62	2.77e-14	57.4
WP_012504762.1	WP_269479208.1	36.585	164	103	1	16	178	41	204	1.80e-34	118
WP_012504763.1	WP_011564281.1	46.822	645	330	7	11	653	2	635	0.0	602
WP_012504764.1	WP_011563593.1	24.646	353	194	17	148	464	154	470	1.63e-08	53.1
WP_012504765.1	WP_011563617.1	33.453	556	339	10	38	568	36	585	1.30e-94	298
WP_012504766.1	WP_041328366.1	38.312	154	88	2	6	152	2	155	1.00e-37	124
WP_012504767.1	WP_011566095.1	49.896	483	225	7	1	481	1	468	2.90e-148	429
WP_012504768.1	WP_049761268.1	35.160	219	115	8	55	268	7	203	1.40e-24	95.1
WP_012504769.1	WP_011564363.1	44.499	409	220	4	9	414	10	414	2.77e-113	335
WP_012504770.1	WP_269479209.1	49.296	71	36	0	9	79	4	74	8.78e-22	77.4
WP_012504772.1	WP_011564359.1	38.095	231	132	6	61	287	39	262	4.32e-32	117
WP_012504773.1	WP_011564358.1	39.617	313	174	6	8	320	11	308	1.66e-71	221
WP_012504774.1	WP_011564357.1	35.938	320	189	7	2	319	1	306	2.19e-58	188
WP_012504775.1	WP_011564356.1	49.180	61	29	1	1	61	1	59	4.84e-09	43.9
WP_012504779.1	WP_011566041.1	25.532	517	331	16	38	544	11	483	3.03e-27	112
WP_012504780.1	WP_083759944.1	33.813	139	75	6	1	135	3	128	9.02e-17	68.6
WP_012504781.1	WP_011564125.1	29.508	244	162	5	42	278	34	274	1.28e-22	92.4
WP_012504782.1	WP_011564126.1	39.535	215	128	2	3	215	2	216	2.26e-44	147
WP_012504783.1	WP_011564127.1	41.154	260	145	3	3	258	7	262	5.70e-52	168
WP_012504788.1	WP_011563513.1	43.678	87	49	0	8	94	6	92	1.44e-22	81.6
WP_012504789.1	WP_011564937.1	56.971	416	178	1	6	421	15	429	2.13e-169	479
WP_012504790.1	WP_011564483.1	22.905	179	135	2	2	180	3	178	3.35e-16	72.8
WP_012504791.1	WP_011564078.1	40.000	75	42	3	1	75	1	72	6.53e-12	52.8
WP_012504804.1	WP_011563308.1	51.468	647	300	6	28	672	8	642	0.0	645
WP_012504805.1	WP_011563309.1	46.937	1110	559	8	11	1103	19	1115	0.0	1023
WP_012504806.1	WP_269479223.1	46.117	824	390	18	85	863	1	815	0.0	636
WP_012504810.1	WP_011563694.1	32.456	228	148	2	2	223	9	236	1.63e-33	117
WP_012504816.1	WP_011564295.1	43.990	391	213	4	1	389	1	387	2.70e-103	308
WP_012504822.1	WP_011565800.1	33.333	237	145	3	458	688	8	237	1.16e-32	124
WP_012504826.1	WP_011565008.1	28.049	246	169	6	28	268	42	284	6.25e-15	73.6
WP_012504827.1	WP_011563616.1	37.811	402	221	10	2	386	42	431	1.17e-87	269
WP_012504828.1	WP_011564602.1	32.390	318	198	6	1	301	1	318	5.42e-43	148
WP_012504834.1	WP_011563129.1	31.579	57	39	0	2	58	22	78	4.32e-08	43.1
WP_012504840.1	WP_011564597.1	34.597	211	95	6	26	197	26	232	4.90e-26	101
WP_012504842.1	WP_198004865.1	38.160	511	294	11	29	526	41	542	5.76e-101	314
WP_012504843.1	WP_011563011.1	28.708	209	132	5	30	235	42	236	1.59e-21	89.4
WP_012504847.1	WP_011564323.1	27.652	264	159	5	22	272	17	261	1.05e-25	99.0
WP_012504848.1	WP_011565983.1	26.871	294	188	8	2	273	6	294	1.65e-21	88.6
WP_012504851.1	WP_011564347.1	53.595	153	71	0	3	155	7	159	2.36e-59	179
WP_012504852.1	WP_011564249.1	41.294	649	295	13	451	1030	275	906	4.44e-139	442
WP_012504852.1	WP_011564249.1	28.025	157	93	4	765	902	768	923	1.15e-09	58.9
WP_012504855.1	WP_011566036.1	34.715	193	118	3	88	279	73	258	2.92e-24	97.1
WP_012504856.1	WP_011564618.1	60.653	521	183	2	5	521	4	506	0.0	632
WP_012504857.1	WP_011564617.1	36.770	291	166	5	1	283	1	281	2.17e-58	185
WP_012504858.1	WP_011564075.1	40.081	247	142	4	570	815	109	350	2.17e-48	172
WP_012504861.1	WP_011563033.1	40.260	308	180	3	4	309	3	308	7.36e-63	215
WP_012504861.1	WP_011563033.1	31.183	186	121	4	438	621	409	589	2.95e-23	100
WP_012504864.1	WP_011564528.1	35.526	304	192	3	6	309	15	314	1.56e-57	185
WP_012504865.1	WP_011564527.1	30.256	195	116	4	55	236	170	357	2.67e-14	68.2
WP_012504867.1	WP_011563093.1	35.741	263	160	7	7	264	4	262	9.92e-34	120
WP_012504870.1	WP_011563779.1	29.310	232	138	10	10	228	23	241	1.00e-15	72.4
WP_012504871.1	WP_011565261.1	36.257	684	419	7	3	685	2	669	5.07e-154	458
WP_012504872.1	WP_011563897.1	59.633	436	162	3	1	435	1	423	2.05e-173	489
WP_012504875.1	WP_011563015.1	34.375	192	115	3	5	192	11	195	1.89e-23	92.4
WP_012504877.1	WP_011565126.1	43.605	172	94	2	17	186	3	173	8.37e-48	150
WP_012504878.1	WP_011565125.1	64.493	138	49	0	3	140	7	144	2.42e-61	182
WP_012504879.1	WP_011565124.1	52.466	223	105	1	1	222	1	223	2.98e-80	236
WP_012504880.1	WP_011565123.1	33.526	173	111	4	1	172	1	170	1.28e-23	88.2
WP_012504881.1	WP_011565122.1	59.200	125	50	1	3	126	4	128	2.69e-28	97.4
WP_012504882.1	WP_041328264.1	51.805	637	270	5	295	929	212	813	0.0	632
WP_012504882.1	WP_041328264.1	63.333	270	84	3	1041	1295	806	1075	3.75e-108	365
WP_012504882.1	WP_041328264.1	37.327	217	118	4	9	224	8	207	4.35e-38	151
WP_012504883.1	WP_011565120.1	49.396	828	323	12	187	996	279	1028	0.0	758
WP_012504883.1	WP_011565120.1	43.945	289	107	7	1190	1468	1032	1275	1.59e-54	206
WP_012504883.1	WP_011565120.1	57.051	156	67	0	14	169	13	168	2.06e-53	202
WP_012504885.1	WP_011563034.1	38.562	153	81	2	3	155	19	158	1.19e-33	113
WP_012504886.1	WP_011564437.1	38.710	186	113	1	1	186	1	185	5.02e-42	136
WP_012504888.1	WP_011565046.1	47.866	328	154	3	6	332	1	312	4.09e-97	287
WP_012504896.1	WP_011564339.1	40.834	911	470	21	1	885	4	871	0.0	584
WP_012504907.1	WP_011565840.1	28.788	462	296	15	7	450	3	449	3.78e-41	149
WP_012504911.1	WP_011564557.1	22.878	271	169	9	25	286	14	253	9.79e-09	51.6
WP_012504920.1	WP_011563208.1	36.471	170	101	4	3	172	8	170	2.92e-23	88.2
WP_012504921.1	WP_011563626.1	37.916	451	255	11	4	440	6	445	8.36e-76	240
WP_012504924.1	WP_011565137.1	50.730	822	387	7	5	823	5	811	0.0	820
WP_012504925.1	WP_011563299.1	56.823	447	191	2	4	448	2	448	0.0	540
WP_012504926.1	WP_198004829.1	34.173	278	154	7	26	302	26	275	2.82e-40	141
WP_012504927.1	WP_011564366.1	50.903	277	127	3	38	314	80	347	4.75e-82	249
WP_012504931.1	WP_011564711.1	31.285	537	358	6	19	548	7	539	8.07e-91	287
WP_012504932.1	WP_049761221.1	39.509	448	256	4	26	467	18	456	6.37e-111	334
WP_012504933.1	WP_011563495.1	41.753	194	101	2	19	200	13	206	2.58e-47	151
WP_012504934.1	WP_011563013.1	39.344	183	104	3	7	187	8	185	1.04e-30	113
WP_012504936.1	WP_011563699.1	45.695	151	82	0	3	153	295	445	5.07e-36	126
WP_012504941.1	WP_011563181.1	33.463	514	337	4	112	624	88	597	7.17e-92	293
WP_012504945.1	WP_011563678.1	24.585	301	175	10	62	342	78	346	8.37e-20	86.7
WP_012504946.1	WP_011564901.1	31.655	139	93	1	164	300	208	346	2.61e-13	66.6
WP_012504947.1	WP_011566030.1	25.424	236	155	6	5	224	4	234	4.07e-10	56.6
WP_012504949.1	WP_011563677.1	26.361	349	238	5	15	351	23	364	2.57e-28	110
WP_012504952.1	WP_011563677.1	25.592	211	148	3	147	354	168	372	7.15e-14	68.6
WP_012504956.1	WP_011564321.1	39.952	413	232	4	4	407	3	408	1.79e-95	290
WP_012504960.1	WP_011564389.1	36.154	260	142	3	125	384	72	307	7.14e-44	156
WP_012504961.1	WP_011564390.1	50.171	584	282	5	354	934	112	689	0.0	560
WP_012504963.1	WP_269479210.1	37.619	210	126	3	24	233	1	205	9.64e-42	140
WP_012504964.1	WP_011564395.1	36.934	287	173	6	29	312	6	287	1.25e-60	192
WP_012504965.1	WP_011564396.1	51.190	84	41	0	6	89	5	88	1.49e-25	87.8
WP_012504967.1	WP_011564452.1	38.710	186	113	1	8	193	3	187	1.77e-48	153
WP_012504970.1	WP_011565042.1	36.438	365	196	9	2	364	6	336	6.39e-61	197
WP_012504972.1	WP_011563879.1	40.496	242	139	3	3	244	10	246	2.76e-49	165
WP_012504976.1	WP_011564375.1	33.333	342	217	3	39	379	31	362	6.24e-47	160
WP_012504977.1	WP_011564435.1	31.727	249	159	6	21	258	11	259	1.67e-29	111
WP_012504978.1	WP_011563393.1	35.260	346	201	7	8	349	14	340	1.56e-68	216
WP_012504979.1	WP_011563832.1	26.538	260	162	10	171	418	611	853	1.44e-09	56.6
WP_012504981.1	WP_011563181.1	33.766	539	354	2	65	602	72	608	1.42e-107	333
WP_012504982.1	WP_011564496.1	39.080	87	43	4	1	84	1	80	2.60e-06	38.5
WP_012504983.1	WP_011564304.1	37.056	197	119	3	1	197	1	192	1.36e-23	89.7
WP_012504984.1	WP_011564513.1	36.364	198	123	2	18	213	26	222	9.47e-25	101
WP_012504991.1	WP_011565400.1	44.800	125	61	2	11	134	19	136	1.62e-29	104
WP_012504995.1	WP_011564381.1	43.304	224	123	1	37	260	1	220	2.54e-68	207
WP_012504996.1	WP_011563816.1	50.000	440	215	5	36	474	37	472	3.58e-135	395
WP_012504997.1	WP_011564256.1	58.863	299	114	1	1	299	1	290	1.56e-124	354
WP_012505005.1	WP_011565078.1	27.176	471	288	17	2	460	7	434	1.10e-30	120
WP_012505008.1	WP_011565576.1	24.096	249	152	9	33	262	49	279	3.08e-07	47.0
WP_012505010.1	WP_011565577.1	28.636	220	153	3	7	225	63	279	1.27e-21	87.0
WP_012505011.1	WP_011564157.1	43.182	220	114	4	22	237	25	237	3.25e-49	163
WP_012505012.1	WP_011563336.1	32.639	432	254	14	97	501	46	467	3.49e-51	181
WP_012505013.1	WP_011565169.1	22.654	309	168	9	11	276	54	334	3.32e-09	53.9
WP_012505018.1	WP_011565926.1	31.746	252	165	6	1	246	1	251	3.40e-39	133
WP_012505019.1	WP_011563833.1	48.990	198	100	1	28	225	30	226	4.32e-53	168
WP_012505021.1	WP_041328032.1	41.753	673	376	8	5	674	7	666	1.27e-166	490
WP_012505022.1	WP_011565171.1	40.230	174	101	2	7	179	66	237	6.60e-39	131
WP_012505023.1	WP_011564935.1	32.381	210	134	4	28	234	19	223	3.50e-34	120
WP_012505024.1	WP_011565075.1	53.061	98	46	0	13	110	5	102	1.34e-36	121
WP_012505027.1	WP_011565727.1	31.677	161	99	6	1	151	1	160	1.11e-14	67.8
WP_012505030.1	WP_011563336.1	29.645	479	308	10	12	476	8	471	1.32e-55	189
WP_012505031.1	WP_011564455.1	28.829	222	138	7	29	245	30	236	5.91e-11	57.8
WP_012505032.1	WP_011564088.1	40.201	199	117	2	2	200	3	199	2.00e-53	166
WP_012505033.1	WP_011564089.1	40.506	237	134	4	1	236	7	237	5.90e-42	140
WP_012505035.1	WP_011564421.1	37.872	235	138	5	11	241	4	234	3.33e-41	138
WP_012505045.1	WP_011564628.1	34.483	174	100	4	16	189	13	172	4.56e-16	72.0
WP_012505048.1	WP_011563747.1	41.887	265	147	1	126	383	202	466	6.85e-56	193
WP_012505050.1	WP_011565602.1	44.792	192	105	1	14	204	13	204	4.14e-53	166
WP_012505052.1	WP_011564436.1	30.400	125	82	2	5	129	3	122	3.19e-17	70.9
WP_012505053.1	WP_011563170.1	25.229	218	146	6	2	216	1	204	1.85e-08	49.7
WP_012505054.1	WP_011564365.1	28.979	421	259	7	3	412	2	393	6.72e-38	150
WP_012505054.1	WP_011564365.1	34.234	222	129	4	962	1173	875	1089	2.24e-31	129
WP_012505055.1	WP_011565142.1	40.146	274	147	6	23	288	17	281	7.00e-51	166
WP_012505063.1	WP_011563584.1	48.624	109	56	0	9	117	14	122	2.71e-32	107
WP_012505066.1	WP_198004915.1	32.632	190	116	4	2	185	16	199	1.83e-24	93.2
WP_012505067.1	WP_269479214.1	52.239	938	439	6	7	940	1	933	0.0	956
WP_012505067.1	WP_269479214.1	40.933	193	99	2	764	942	403	594	5.95e-30	124
WP_012505072.1	WP_011564711.1	26.941	438	237	12	470	906	182	537	5.08e-31	125
WP_012505073.1	WP_011563154.1	44.710	293	147	4	11	288	14	306	7.63e-73	223
WP_012505074.1	WP_011564204.1	24.020	204	110	7	2	205	6	164	9.50e-07	43.9
WP_012505080.1	WP_011563975.1	45.433	427	226	5	1	427	1	420	3.18e-113	335
WP_012505081.1	WP_011563731.1	29.286	140	94	2	1	139	3	138	2.02e-09	49.7
WP_012505082.1	WP_011564456.1	61.783	471	155	1	1	471	1	446	0.0	583
WP_012505082.1	WP_011564456.1	32.732	388	242	6	3	390	534	902	1.61e-60	211
WP_012505083.1	WP_011565053.1	46.188	223	112	6	25	247	28	242	5.37e-46	151
WP_012505084.1	WP_011564343.1	45.070	213	111	2	9	221	14	220	1.76e-65	199
WP_012505087.1	WP_041328245.1	46.569	408	207	6	542	946	424	823	1.03e-103	339
WP_012505087.1	WP_041328245.1	36.842	285	178	2	37	320	3	286	3.25e-47	178
WP_012505088.1	WP_011564227.1	34.545	275	163	6	6	275	100	362	2.96e-43	148
WP_012505089.1	WP_011564299.1	52.033	246	116	2	1	245	1	245	7.13e-80	237
WP_012505090.1	WP_011564303.1	33.557	149	99	0	2	150	9	157	3.59e-27	98.2
WP_012505091.1	WP_011564416.1	33.143	175	107	2	7	181	2	166	1.72e-16	70.1
WP_012505092.1	WP_011564360.1	48.905	137	69	1	329	465	10	145	1.50e-36	128
WP_012505093.1	WP_011564524.1	39.921	253	148	3	1	253	1	249	4.61e-54	172
WP_012505097.1	WP_011563841.1	55.433	635	278	2	27	660	9	639	0.0	738
WP_012505098.1	WP_011566112.1	44.186	817	426	15	3	803	14	816	0.0	683
WP_012505100.1	WP_011565409.1	41.197	284	157	4	3	278	6	287	3.42e-64	200
WP_012505101.1	WP_011563875.1	45.622	217	111	5	7	222	3	213	9.26e-54	171
WP_012505102.1	WP_011563861.1	58.410	327	130	4	1	325	1	323	4.21e-131	374
WP_012505103.1	WP_041328150.1	30.642	483	298	11	49	520	46	502	6.84e-51	181
WP_012505105.1	WP_011564374.1	49.031	516	240	10	2	511	3	501	3.47e-163	469
WP_012505108.1	WP_198004910.1	41.584	202	112	4	31	230	1	198	3.98e-38	128
WP_012505110.1	WP_011564410.1	27.397	292	174	10	34	316	28	290	7.55e-19	82.4
WP_012505114.1	WP_198004812.1	38.065	310	178	2	24	320	2	310	7.04e-67	209
WP_012505115.1	WP_011564305.1	56.467	317	136	1	9	323	28	344	5.99e-126	362
WP_012505117.1	WP_011563266.1	29.520	271	165	8	1	264	1	252	3.95e-22	89.0
WP_012505120.1	WP_011563809.1	39.560	91	52	2	4	92	3	92	4.12e-15	65.1
WP_012505124.1	WP_011563905.1	25.445	393	264	12	3	385	10	383	2.09e-18	85.5
WP_012505126.1	WP_011565130.1	34.855	241	148	4	1	241	1	232	1.31e-45	149
WP_012505127.1	WP_011566093.1	46.825	126	61	3	3	127	4	124	2.93e-35	115
WP_012505128.1	WP_011566096.1	46.925	439	211	10	3	438	4	423	4.59e-121	356
WP_012505129.1	WP_011563095.1	44.291	289	159	2	6	294	2	288	9.53e-83	248
WP_012505130.1	WP_198004933.1	32.180	578	360	10	1	567	11	567	3.14e-66	222
WP_012505132.1	WP_011564949.1	34.375	64	39	1	1	61	1	64	1.02e-10	48.9
WP_012505133.1	WP_011563282.1	31.707	164	110	2	49	211	45	207	2.56e-22	87.4
WP_012505137.1	WP_011564348.1	42.857	49	19	1	1	40	1	49	1.15e-07	41.2
WP_012505138.1	WP_011565681.1	30.476	105	65	5	41	143	2	100	1.57e-09	54.7
WP_012505139.1	WP_011565054.1	44.543	339	184	1	7	345	6	340	1.17e-86	261
WP_012505140.1	WP_011565783.1	31.338	284	160	7	100	354	107	384	1.94e-27	107
WP_012505141.1	WP_011565384.1	31.349	252	121	5	2	249	14	217	7.78e-29	114
WP_012505142.1	WP_011566040.1	33.887	301	190	6	1	297	8	303	4.36e-46	155
WP_012505143.1	WP_011565042.1	29.156	391	221	14	1	380	4	349	6.72e-34	125
WP_012505145.1	WP_011565133.1	52.866	157	70	2	2	155	5	160	1.54e-57	174
WP_012505146.1	WP_011564454.1	35.644	303	167	9	15	309	12	294	9.98e-47	156
WP_012505147.1	WP_041328028.1	41.523	696	359	7	8	701	14	663	0.0	539
WP_012505149.1	WP_011565701.1	48.750	160	82	0	2	161	9	168	1.20e-52	162
WP_012505169.1	WP_011563641.1	34.529	223	140	5	10	230	9	227	7.35e-32	113
WP_012505175.1	WP_011564456.1	48.668	563	280	4	19	581	464	1017	0.0	544
WP_012505175.1	WP_011564456.1	34.913	401	249	5	90	478	4	404	2.22e-70	243
WP_012505176.1	WP_011564346.1	50.127	395	194	2	9	403	6	397	1.45e-145	417
WP_012505179.1	WP_011564481.1	32.667	450	274	11	2	442	3	432	7.80e-63	215
WP_012505186.1	WP_011565808.1	37.838	370	230	0	17	386	7	376	4.56e-91	276
WP_012505188.1	WP_041328148.1	32.108	408	265	7	2	399	44	449	1.88e-60	200
WP_012505190.1	WP_011563248.1	60.606	132	50	1	12	141	5	136	4.62e-51	158
WP_012505193.1	WP_011563275.1	50.495	101	50	0	1	101	1	101	9.38e-30	99.4
WP_012505194.1	WP_041328286.1	34.962	655	372	13	4	646	6	618	1.16e-101	320
WP_012505200.1	WP_011564257.1	46.049	367	186	2	1	367	1	355	3.84e-113	332
WP_012505201.1	WP_232203503.1	47.244	127	66	1	23	149	36	161	4.68e-33	111
WP_012505206.1	WP_011563336.1	47.817	504	220	13	1	491	1	474	5.89e-138	403
WP_012505208.1	WP_011564515.1	54.217	415	180	2	24	438	10	414	1.45e-155	444
WP_012505213.1	WP_198004789.1	35.025	197	122	2	24	214	5	201	4.96e-35	121
WP_012505214.1	WP_011565954.1	33.158	190	119	2	52	238	67	251	2.02e-22	89.7
WP_012505229.1	WP_198004829.1	22.491	289	186	11	32	312	37	295	3.33e-07	47.8
WP_012505250.1	WP_011563318.1	32.069	290	161	8	17	299	7	267	4.01e-25	98.2
WP_012505254.1	WP_011564518.1	24.217	351	247	7	29	367	27	370	1.02e-11	62.8
WP_012505257.1	WP_011565049.1	58.268	381	157	2	12	391	7	386	1.23e-156	444
WP_012505259.1	WP_011563487.1	28.627	255	170	7	35	282	58	307	5.14e-23	93.2
WP_012505260.1	WP_049761384.1	35.354	99	62	1	2	100	3	99	1.30e-12	57.8
WP_012505261.1	WP_269479214.1	45.531	951	473	10	19	942	1	933	0.0	767
WP_012505261.1	WP_269479214.1	40.741	189	97	2	769	943	406	593	1.30e-31	129
WP_012505261.1	WP_269479214.1	40.415	193	100	2	410	601	757	935	4.87e-30	124
WP_012505263.1	WP_011565238.1	41.053	95	48	1	1	95	1	87	4.04e-23	81.6
WP_012505264.1	WP_011563800.1	60.861	534	206	3	1	533	1	532	0.0	642
WP_012505267.1	WP_011565048.1	31.321	265	170	5	2	266	3	255	1.71e-35	124
WP_012505268.1	WP_011566030.1	28.797	316	208	4	9	323	4	303	2.41e-30	114
WP_012505269.1	WP_011563054.1	26.842	190	117	7	3	192	4	171	1.09e-10	58.5
WP_012505272.1	WP_011565167.1	29.412	153	96	2	25	172	21	166	9.21e-12	62.8
WP_012505274.1	WP_011563677.1	32.558	172	114	2	208	377	200	371	1.85e-19	85.9
WP_012505275.1	WP_011564508.1	47.198	339	175	1	3	337	2	340	1.71e-109	320
WP_012505277.1	WP_011564086.1	43.826	413	217	4	16	427	17	415	2.26e-101	305
WP_012505278.1	WP_011564310.1	41.399	343	183	6	1	341	1	327	1.99e-83	253
WP_012505279.1	WP_011564670.1	25.485	361	195	17	449	794	89	390	1.94e-18	85.1
WP_012505282.1	WP_011564614.1	46.445	422	221	4	1	419	1	420	5.87e-115	340
WP_012505285.1	WP_011565686.1	37.453	267	153	4	16	269	297	562	1.05e-40	144
WP_012505286.1	WP_011563104.1	42.547	369	192	9	31	395	29	381	2.52e-90	282
WP_012505288.1	WP_011563228.1	37.415	147	88	2	24	169	1	144	7.78e-24	94.4
WP_012505290.1	WP_156787641.1	43.291	395	200	6	13	401	4	380	1.83e-114	336
WP_012505291.1	WP_011564582.1	44.526	137	75	1	16	152	7	142	1.05e-34	115
WP_012505292.1	WP_011565754.1	27.389	471	274	14	28	486	44	458	1.27e-34	132
WP_012505293.1	WP_011564122.1	28.680	659	393	15	4	595	29	677	9.26e-67	228
WP_012505297.1	WP_011565238.1	29.730	111	54	3	7	117	2	88	3.49e-06	39.3
WP_012505298.1	WP_011563102.1	51.792	307	144	1	19	321	16	322	3.09e-114	330
WP_012505300.1	WP_198004834.1	30.514	331	175	4	374	704	210	485	4.12e-33	134
WP_012505300.1	WP_198004834.1	26.897	290	143	10	37	321	12	237	1.59e-20	94.0
WP_012505300.1	WP_198004834.1	28.767	219	128	6	837	1054	517	708	7.53e-13	69.3
WP_012505301.1	WP_011564585.1	48.744	199	101	1	1	198	1	199	1.04e-62	192
WP_012505302.1	WP_011565907.1	39.697	330	189	6	3	330	5	326	1.11e-65	207
WP_012505310.1	WP_041327996.1	25.688	436	262	18	7	431	377	761	1.31e-21	94.7
WP_012505311.1	WP_011564410.1	27.338	278	169	8	26	285	28	290	2.89e-22	91.3
WP_012505312.1	WP_011564436.1	25.581	129	89	4	1	128	1	123	1.40e-06	44.3
WP_012505313.1	WP_011565463.1	34.633	436	235	10	9	429	10	410	2.30e-65	211
WP_012505314.1	WP_011564073.1	43.590	351	175	5	20	347	27	377	2.58e-85	259
WP_012505315.1	WP_011564070.1	38.140	430	257	6	1	429	1	422	1.21e-95	290
WP_012505316.1	WP_011564491.1	39.333	150	87	1	1	150	1	146	5.29e-24	87.8
WP_012505317.1	WP_011565919.1	32.353	238	149	4	3	236	7	236	1.66e-31	112
WP_012505319.1	WP_011564509.1	46.396	222	116	3	3	222	7	227	5.91e-65	197
WP_012505321.1	WP_011564669.1	29.282	181	104	8	4	182	2	160	4.61e-20	79.3
WP_012505322.1	WP_011564670.1	36.175	434	261	7	1	432	1	420	8.64e-89	273
WP_012505323.1	WP_011566041.1	49.187	492	239	3	6	495	3	485	1.03e-156	453
WP_012505324.1	WP_011566042.1	48.512	336	168	3	2	335	5	337	8.51e-104	306
WP_012505325.1	WP_011566039.1	54.630	324	146	1	2	325	3	325	2.39e-123	354
WP_012505327.1	WP_011566037.1	42.755	559	304	8	9	563	14	560	5.71e-148	434
WP_012505330.1	WP_011566113.1	33.019	106	69	2	302	406	57	161	3.98e-09	53.9
WP_012505334.1	WP_011563306.1	26.619	139	96	4	305	438	19	156	5.07e-08	51.6
WP_012505339.1	WP_011563770.1	61.706	598	226	3	1	596	1	597	0.0	734
WP_012505340.1	WP_041328119.1	34.586	133	73	3	11	131	25	155	6.09e-20	77.0
WP_012505341.1	WP_011564587.1	42.857	105	60	0	18	122	8	112	1.30e-27	95.1
WP_012505343.1	WP_011564687.1	26.543	162	108	2	30	191	12	162	7.72e-17	71.6
WP_012505344.1	WP_198004912.1	24.752	505	330	16	16	496	10	488	1.05e-15	75.9
WP_012505345.1	WP_011565827.1	40.267	375	220	4	30	403	1	372	3.48e-84	258
WP_012505351.1	WP_011563860.1	57.778	315	132	1	4	317	3	317	1.01e-133	380
WP_012505353.1	WP_011565902.1	45.045	222	115	3	6	224	8	225	1.13e-59	184
WP_012505354.1	WP_011563768.1	33.257	436	267	11	169	595	159	579	4.06e-55	193
WP_012505358.1	WP_011563688.1	48.148	54	28	0	53	106	21	74	4.63e-12	57.0
WP_012505359.1	WP_011564751.1	38.462	143	81	1	7	149	8	143	2.06e-34	114
WP_012505368.1	WP_011563181.1	30.088	452	302	5	273	717	159	603	1.54e-56	200
WP_012505373.1	WP_011565645.1	27.891	147	100	4	1	147	5	145	4.33e-07	43.5
WP_012505379.1	WP_198004912.1	30.913	482	280	11	16	457	13	481	4.86e-67	219
WP_012505380.1	WP_011564194.1	28.077	260	159	12	21	266	91	336	4.14e-18	79.3
WP_012505384.1	WP_011563565.1	30.751	413	270	6	4	415	5	402	1.01e-52	182
WP_012505386.1	WP_049761328.1	31.633	98	63	2	18	112	34	130	5.85e-06	41.6
WP_012505389.1	WP_011565050.1	36.792	212	126	4	1	211	1	205	4.03e-31	110
WP_012505392.1	WP_011564602.1	27.164	335	208	11	1	309	1	325	2.37e-24	98.6
WP_012505394.1	WP_011564043.1	28.788	132	88	1	19	144	14	145	3.17e-08	46.6
WP_012505398.1	WP_011564287.1	29.701	835	526	22	1	801	1	808	6.25e-97	317
WP_012505401.1	WP_011564404.1	36.434	516	308	7	14	518	2	508	1.68e-103	317
WP_012505403.1	WP_011564087.1	40.104	192	115	0	9	200	2	193	1.41e-36	123
WP_012505410.1	WP_011564625.1	51.370	146	66	3	25	170	12	152	2.87e-48	150
WP_012505411.1	WP_011564344.1	40.220	363	197	9	15	366	1	354	8.24e-53	176
WP_012505414.1	WP_198004932.1	43.827	162	89	2	33	193	26	186	3.85e-35	120
WP_012505415.1	WP_011564024.1	50.718	418	194	4	18	434	8	414	2.33e-135	393
WP_012505418.1	WP_011564518.1	28.412	447	290	11	35	471	27	453	1.19e-39	150
WP_012505421.1	WP_011565778.1	27.660	141	101	1	43	183	39	178	1.72e-09	51.6
WP_012505423.1	WP_011565623.1	29.762	84	56	1	101	184	75	155	4.91e-06	42.4
WP_012505425.1	WP_232203563.1	53.763	93	43	0	29	121	8	100	8.58e-31	103
WP_012505427.1	WP_011564610.1	38.824	85	49	2	91	172	79	163	4.21e-16	68.6
WP_012505428.1	WP_083759979.1	44.180	378	201	4	24	400	28	396	1.01e-111	329
WP_012505430.1	WP_011564181.1	35.294	153	70	3	15	167	8	131	2.12e-22	86.7
WP_012505431.1	WP_011564607.1	35.043	117	74	2	7	122	2	117	4.48e-14	63.5
WP_012505432.1	WP_011564606.1	40.000	100	58	1	7	104	12	111	7.69e-15	61.6
WP_012505433.1	WP_011564605.1	46.443	506	230	11	1	502	1	469	8.60e-126	387
WP_012505433.1	WP_011564605.1	27.559	127	66	1	611	737	523	623	4.29e-09	56.2
WP_012505434.1	WP_011564604.1	42.647	408	212	7	75	481	56	442	2.94e-88	277
WP_012505435.1	WP_011564603.1	33.857	446	267	9	22	459	9	434	1.15e-67	222
WP_012505441.1	WP_011563060.1	24.113	282	209	4	100	380	83	360	2.07e-12	64.3
WP_012505442.1	WP_011564155.1	53.889	180	82	1	43	222	14	192	6.61e-63	191
WP_012505444.1	WP_011563987.1	35.714	84	54	0	5	88	11	94	4.31e-19	72.4
WP_012505450.1	WP_011565253.1	31.863	204	135	2	1	203	1	201	2.26e-27	101
WP_012505453.1	WP_198004820.1	41.791	67	36	1	380	443	49	115	6.70e-07	44.7
WP_012505454.1	WP_011565894.1	59.649	228	90	2	19	245	30	256	2.22e-101	293
WP_012505455.1	WP_011563165.1	39.456	147	77	3	6	147	5	144	7.30e-21	79.7
WP_012505456.1	WP_011565459.1	33.333	312	197	5	23	333	13	314	4.11e-52	171
WP_012505458.1	WP_011565047.1	35.484	248	157	2	339	586	10	254	1.56e-47	164
WP_012505459.1	WP_011564835.1	32.090	134	87	3	2	134	3	133	5.35e-20	76.6
WP_012505460.1	WP_011564666.1	47.559	635	318	9	5	628	6	636	0.0	574
WP_012505461.1	WP_011563877.1	35.294	255	151	6	14	259	13	262	1.99e-36	127
WP_012505462.1	WP_011563048.1	36.184	304	185	6	18	315	314	614	7.68e-54	182
WP_012505464.1	WP_011563502.1	46.569	204	104	3	1	204	1	199	1.74e-57	177
WP_012505472.1	WP_049761289.1	33.143	175	95	4	66	222	93	263	2.22e-18	77.8
WP_012505476.1	WP_011564617.1	23.077	286	198	8	8	283	7	280	6.73e-12	61.2
WP_012505479.1	WP_011565010.1	64.803	304	105	1	1	302	1	304	1.69e-137	389
WP_012505480.1	WP_156787661.1	25.439	570	380	14	10	553	11	561	3.09e-32	127
WP_012505481.1	WP_011565117.1	26.316	494	301	12	11	453	15	496	3.03e-39	148
WP_012505483.1	WP_041328248.1	43.353	173	98	0	4	176	3	175	3.58e-49	154
WP_012505484.1	WP_011565787.1	48.864	440	220	4	2	440	4	439	2.70e-140	407
WP_012505487.1	WP_011564003.1	31.061	132	87	3	43	173	20	148	2.47e-09	53.1
WP_012505494.1	WP_011565983.1	33.548	155	81	4	2	145	3	146	1.22e-16	71.6
WP_012505496.1	WP_011564550.1	23.291	395	289	8	4	394	5	389	4.42e-24	102
WP_012505500.1	WP_011563701.1	33.333	117	72	4	231	344	274	387	6.56e-10	56.6
WP_012505502.1	WP_011565239.1	45.361	97	52	1	8	104	7	102	4.40e-31	102
WP_012505503.1	WP_011563225.1	56.623	302	128	3	7	307	6	305	2.17e-123	353
WP_012505504.1	WP_011563688.1	28.571	105	73	1	27	129	28	132	5.88e-07	42.4
WP_012505505.1	WP_011565599.1	35.338	133	86	0	10	142	18	150	3.43e-21	91.7
WP_012505509.1	WP_011565130.1	29.341	167	113	3	2	166	69	232	8.73e-18	75.9
WP_012505517.1	WP_011565253.1	29.187	209	128	6	1	202	1	196	4.27e-18	76.3
WP_012505518.1	WP_041328031.1	30.000	110	69	3	45	150	61	166	2.46e-09	52.0
WP_012505523.1	WP_011563804.1	24.091	220	135	7	32	223	53	268	4.07e-06	43.9
WP_012505524.1	WP_011563805.1	30.565	301	150	8	70	370	54	295	5.20e-27	106
WP_012505525.1	WP_011563806.1	38.725	204	115	5	218	420	69	263	5.46e-34	125
WP_012505527.1	WP_011563808.1	28.090	178	118	4	45	212	39	216	5.47e-13	62.8
WP_012505532.1	WP_011566030.1	30.909	110	75	1	9	118	4	112	9.59e-09	52.0
WP_012505534.1	WP_011565754.1	24.703	421	252	11	139	558	3	359	2.11e-24	105
WP_012505534.1	WP_011565754.1	34.066	91	56	1	656	742	366	456	2.10e-08	54.7
WP_012505536.1	WP_011566066.1	26.879	346	213	16	199	524	8	333	1.49e-15	74.7
WP_012505537.1	WP_041328004.1	30.077	389	244	10	10	393	15	380	6.85e-47	162
WP_012505538.1	WP_011563478.1	52.763	561	264	1	1	561	1	560	0.0	618
WP_012505549.1	WP_011563360.1	31.884	276	174	7	36	305	9	276	5.70e-23	92.8
WP_012505556.1	WP_269479223.1	40.692	838	449	13	88	889	1	826	0.0	582
WP_012505561.1	WP_011564988.1	28.571	182	106	6	22	189	49	220	1.43e-18	77.0
WP_012505562.1	WP_011563339.1	31.985	272	155	8	35	289	50	308	1.67e-26	102
WP_012505563.1	WP_049761420.1	41.606	137	77	2	11	147	71	204	1.31e-24	97.4
WP_012505568.1	WP_011564568.1	31.098	328	199	11	18	325	20	340	6.94e-32	118
WP_012505569.1	WP_011565054.1	32.573	307	189	7	48	350	39	331	7.70e-38	135
WP_012505571.1	WP_011563788.1	32.909	550	290	17	4	525	3	501	5.50e-42	154
WP_012505572.1	WP_011563980.1	47.347	735	355	12	17	746	11	718	0.0	625
WP_012505573.1	WP_011564599.1	42.339	744	314	16	367	1031	183	890	1.32e-171	522
WP_012505573.1	WP_011564599.1	45.364	302	107	4	2	303	1	244	1.77e-73	258
WP_012505574.1	WP_041328179.1	32.258	217	137	6	129	344	95	302	1.53e-23	95.9
WP_012505579.1	WP_011566027.1	47.484	457	216	6	3	439	6	458	6.82e-131	382
WP_012505580.1	WP_011565714.1	40.541	259	147	5	8	266	4	255	3.20e-53	171
WP_012505581.1	WP_011565336.1	43.939	198	106	2	2	195	3	199	1.73e-47	153
WP_012505583.1	WP_011563336.1	54.286	35	16	0	25	59	148	182	9.89e-06	42.7
WP_012505584.1	WP_011564234.1	42.581	155	86	2	1	155	1	152	3.59e-26	94.0
WP_012505585.1	WP_011565496.1	43.697	119	65	1	34	150	33	151	3.22e-29	101
WP_012505586.1	WP_011563862.1	33.762	311	194	5	41	345	58	362	2.24e-45	161
WP_012505589.1	WP_011563699.1	25.869	259	181	5	14	271	3	251	2.24e-14	70.1
WP_012505590.1	WP_011564367.1	46.485	441	230	4	1	439	1	437	1.34e-132	386
WP_012505591.1	WP_011564368.1	52.500	80	38	0	2	81	3	82	3.89e-25	88.2
WP_012505592.1	WP_011564370.1	28.125	160	107	4	9	167	11	163	2.27e-08	47.8
WP_012505593.1	WP_011564371.1	38.679	212	122	3	6	211	4	213	1.68e-36	125
WP_012505594.1	WP_011564372.1	51.546	97	46	1	17	113	12	107	1.62e-29	99.8
WP_012505595.1	WP_011564273.1	25.984	254	164	5	8	257	17	250	1.68e-14	68.6
WP_012505596.1	WP_198004794.1	24.194	124	92	2	25	148	24	145	1.15e-07	48.1
WP_012505597.1	WP_011565020.1	40.268	596	342	6	7	599	7	591	5.64e-158	462
WP_012505601.1	WP_011565322.1	25.543	368	213	13	23	340	34	390	7.98e-16	75.1
WP_012505604.1	WP_156787792.1	40.598	234	135	2	2	231	4	237	1.07e-52	168
WP_012505605.1	WP_156787792.1	26.180	233	164	4	3	228	4	235	1.14e-16	73.6
WP_012505606.1	WP_011565852.1	27.055	292	207	4	204	494	172	458	2.18e-10	59.3
WP_012505606.1	WP_011565852.1	25.893	112	81	2	390	500	203	313	8.55e-06	44.7
WP_012505607.1	WP_198004869.1	39.927	273	147	5	37	299	37	302	3.83e-63	201
WP_012505609.1	WP_011563054.1	27.463	335	208	17	4	326	7	318	4.13e-15	71.6
WP_012505611.1	WP_049761420.1	29.012	162	102	3	37	198	62	210	1.29e-11	60.1
WP_012505614.1	WP_011564458.1	34.404	436	263	8	3	437	11	424	3.48e-66	215
WP_012505615.1	WP_198004809.1	35.323	201	111	6	6	204	55	238	1.25e-26	100
WP_012505616.1	WP_011564302.1	30.688	189	115	6	11	193	12	190	8.30e-16	68.9
WP_012505617.1	WP_011565854.1	50.508	689	327	6	16	697	10	691	0.0	665
WP_012505619.1	WP_041328750.1	23.077	221	145	7	1	205	1	212	7.40e-06	42.0
WP_012505620.1	WP_011563176.1	44.722	360	186	6	26	384	26	373	4.40e-88	269
WP_012505623.1	WP_198004919.1	42.082	461	256	5	1	457	1	454	1.31e-120	357
WP_012505624.1	WP_041328299.1	36.905	252	147	4	2	245	3	250	2.24e-47	154
WP_012505628.1	WP_011563365.1	36.637	565	315	10	2	557	3	533	3.03e-110	337
WP_012505636.1	WP_041327999.1	30.105	475	299	11	17	479	11	464	3.90e-59	198
WP_012505638.1	WP_011565696.1	35.714	112	57	5	126	226	422	529	8.32e-07	46.2
WP_012505643.1	WP_011565802.1	52.618	401	188	2	1	401	2	400	6.59e-150	427
WP_012505644.1	WP_011565804.1	38.462	143	79	4	3	141	10	147	2.14e-22	84.0
WP_012505645.1	WP_011565809.1	42.857	315	174	3	8	322	9	317	2.81e-82	249
WP_012505648.1	WP_011565805.1	36.152	343	196	10	8	337	4	336	6.93e-63	200
WP_012505650.1	WP_011564044.1	37.267	161	89	4	262	419	223	374	3.56e-22	94.0
WP_012505654.1	WP_049761202.1	27.273	143	101	2	3	145	11	150	1.45e-09	50.4
WP_012505658.1	WP_011563494.1	39.891	183	96	7	25	200	22	197	8.25e-27	100
WP_012505660.1	WP_011564123.1	27.037	270	172	9	7	267	12	265	1.86e-11	59.7
WP_012505661.1	WP_011564257.1	24.543	383	245	13	4	372	3	355	4.25e-15	72.8
WP_012505662.1	WP_011564256.1	35.216	301	160	10	1	297	1	270	5.68e-37	136
WP_012505674.1	WP_011564527.1	20.597	335	241	6	50	379	51	365	1.12e-14	71.2
WP_012505675.1	WP_011563058.1	28.283	198	127	6	159	351	286	473	3.07e-13	67.0
WP_012505676.1	WP_011563431.1	42.009	219	124	2	9	226	3	219	3.20e-55	176
WP_012505677.1	WP_041328002.1	41.553	219	126	1	4	220	3	221	1.05e-52	172
WP_012505686.1	WP_269479222.1	53.543	127	56	3	6	131	1	125	2.87e-41	131
WP_012505700.1	WP_011565843.1	26.502	283	150	8	57	314	95	344	5.98e-16	76.3
WP_012505701.1	WP_011564194.1	23.333	120	91	1	83	201	144	263	9.29e-07	45.8
WP_012505706.1	WP_011563584.1	31.169	77	53	0	10	86	43	119	1.18e-07	43.5
WP_012505707.1	WP_011563833.1	45.740	223	119	2	7	227	14	236	1.90e-52	177
WP_012505712.1	WP_011564687.1	27.152	151	108	2	11	160	3	152	5.40e-14	63.2
WP_012505713.1	WP_232203497.1	48.936	282	138	3	6	284	53	331	6.82e-94	278
WP_012505716.1	WP_011563643.1	65.683	271	91	1	1	271	2	270	9.32e-113	322
WP_012505717.1	WP_011565720.1	29.592	196	124	4	13	208	8	189	6.05e-17	74.7
WP_012505724.1	WP_269479203.1	27.039	466	273	18	295	740	172	590	1.11e-17	84.7
WP_012505724.1	WP_269479203.1	29.897	194	115	7	8	193	22	202	1.76e-08	54.7
WP_012505726.1	WP_011566073.1	30.108	93	58	1	91	176	283	375	1.46e-07	47.4
WP_012505728.1	WP_011564199.1	29.371	143	83	4	124	265	4	129	3.14e-08	48.9
WP_012505730.1	WP_011563436.1	38.806	335	195	4	14	348	21	345	8.14e-69	216
WP_012505732.1	WP_011565093.1	40.271	221	112	5	1	217	1	205	1.65e-45	147
WP_012505733.1	WP_011564448.1	23.064	594	366	25	155	725	128	653	1.41e-18	87.0
WP_012505742.1	WP_011563813.1	46.853	286	139	4	3	288	4	276	6.44e-86	256
WP_012505743.1	WP_011565136.1	43.488	453	247	6	8	452	7	458	1.16e-131	385
WP_012505746.1	WP_011563152.1	45.418	491	257	7	4	491	21	503	1.80e-135	399
WP_012505746.1	WP_011563152.1	25.431	232	164	4	16	239	286	516	4.31e-11	61.6
WP_012505747.1	WP_011563153.1	40.514	311	175	4	11	318	26	329	6.68e-45	154
WP_012505752.1	WP_198004779.1	36.000	225	140	2	40	264	60	280	2.41e-37	133
WP_012505755.1	WP_011564930.1	32.377	244	155	3	40	279	9	246	2.55e-36	127
WP_012505757.1	WP_198004782.1	35.751	193	113	4	10	201	3	185	2.47e-26	97.4
WP_012505759.1	WP_011565839.1	41.148	209	111	7	1	199	1	207	9.09e-46	147
WP_012505761.1	WP_011563831.1	36.243	378	233	6	13	389	17	387	9.97e-80	247
WP_012505763.1	WP_011563987.1	39.785	93	54	1	7	99	11	101	4.25e-20	79.7
WP_012505764.1	WP_011563167.1	35.294	255	136	5	1	244	1	237	4.20e-46	151
WP_012505765.1	WP_011563166.1	28.750	320	218	6	64	376	145	461	1.16e-35	132
WP_012505776.1	WP_011565589.1	22.193	766	509	29	384	1109	142	860	3.99e-19	90.1
WP_012505776.1	WP_011565589.1	19.205	453	326	11	354	790	239	667	2.69e-10	61.2
WP_012505778.1	WP_011563651.1	25.683	366	237	12	6	348	26	379	2.74e-15	74.3
WP_012505779.1	WP_011564238.1	33.043	115	64	5	37	140	28	140	2.02e-06	43.1
WP_012505780.1	WP_011563054.1	27.841	176	98	6	14	172	4	167	1.98e-07	48.5
WP_012505789.1	WP_011565902.1	25.431	232	155	7	13	236	6	227	1.18e-12	62.0
WP_012505793.1	WP_011563054.1	24.074	270	161	12	1	239	1	257	1.15e-13	67.0
WP_012505800.1	WP_011564743.1	31.780	472	291	9	3	462	84	536	1.83e-66	220
WP_012505807.1	WP_011565322.1	32.093	215	117	6	87	278	94	302	1.89e-19	85.9
WP_012505812.1	WP_011565295.1	32.258	62	42	0	11	72	34	95	5.07e-07	43.1
WP_012505813.1	WP_011563636.1	34.156	243	154	3	2	238	4	246	3.55e-14	66.6
WP_012505814.1	WP_011563032.1	28.873	284	178	8	24	295	11	282	1.73e-18	80.5
WP_012505815.1	WP_011563635.1	42.529	348	199	1	4	350	14	361	2.28e-77	239
WP_012505816.1	WP_011563640.1	34.066	182	107	2	4	172	5	186	2.21e-17	72.4
WP_012505825.1	WP_011564541.1	27.273	286	153	8	34	275	20	294	3.22e-13	66.2
WP_012505826.1	WP_011563408.1	38.956	249	152	0	4	252	18	266	2.22e-46	158
WP_012505827.1	WP_011563407.1	36.691	278	170	4	63	339	72	344	8.74e-37	132
WP_012505828.1	WP_011563637.1	37.379	206	117	3	92	297	85	278	2.17e-17	77.8
WP_012505829.1	WP_049761205.1	31.714	350	201	16	26	355	35	366	1.72e-30	116
WP_012505830.1	WP_011563622.1	41.800	500	263	11	4	492	5	487	1.65e-97	300
WP_012505831.1	WP_156787623.1	32.044	181	112	5	10	182	156	333	1.20e-14	68.2
WP_012505835.1	WP_011563623.1	32.068	1238	679	31	62	1211	71	1234	3.05e-159	506
WP_012505836.1	WP_011563624.1	56.000	325	134	3	7	331	4	319	8.91e-120	355
WP_012505837.1	WP_011563624.1	45.938	320	141	2	4	291	2	321	9.94e-80	261
WP_012505837.1	WP_011563624.1	44.670	197	100	3	441	637	424	611	8.96e-36	139
WP_012505839.1	WP_011563623.1	42.010	1214	646	15	62	1255	59	1234	0.0	890
WP_012505840.1	WP_011566066.1	26.335	281	175	11	9	279	16	274	3.62e-15	72.4
WP_012505843.1	WP_011563407.1	36.213	301	187	5	26	324	42	339	4.92e-35	127
WP_012505844.1	WP_011563408.1	32.766	235	156	2	14	247	27	260	2.20e-30	112
WP_012505845.1	WP_156787738.1	25.405	185	126	6	97	280	119	292	7.28e-06	43.5
WP_012505846.1	WP_011563629.1	40.059	337	190	6	7	340	23	350	4.80e-56	185
WP_012505848.1	WP_011563628.1	47.431	253	132	1	374	625	2	254	2.96e-61	201
WP_012505849.1	WP_041328645.1	31.302	361	206	14	4	347	3	338	6.53e-21	90.1
WP_012505850.1	WP_011563631.1	44.856	243	130	1	3	245	321	559	6.99e-62	207
WP_012505851.1	WP_011563627.1	25.991	227	157	6	19	240	14	234	1.02e-08	50.8
WP_012505853.1	WP_011564939.1	39.316	234	140	1	10	243	2	233	3.92e-45	155
WP_012505854.1	WP_011565686.1	29.572	257	153	13	6	247	3	246	2.54e-09	55.8
WP_012505857.1	WP_011563408.1	39.535	215	127	2	33	245	32	245	1.67e-38	135
WP_012505858.1	WP_011563407.1	30.395	329	205	5	36	358	36	346	1.23e-30	116
WP_012505859.1	WP_198004887.1	23.019	265	166	10	113	360	36	279	6.99e-06	43.9
WP_012505864.1	WP_156787738.1	29.851	268	181	5	26	290	55	318	1.69e-29	110
WP_012505865.1	WP_011563603.1	28.916	166	114	3	22	184	27	191	4.23e-11	61.2
WP_012505866.1	WP_011565725.1	30.879	489	283	12	17	462	10	486	3.19e-63	210
WP_012505870.1	WP_011565974.1	30.233	258	152	11	117	353	13	263	5.90e-11	60.1
WP_012505875.1	WP_011565843.1	27.982	218	135	6	159	365	187	393	6.49e-13	66.6
WP_012505879.1	WP_011563643.1	30.374	214	107	7	11	216	19	198	6.13e-15	70.1
WP_012505880.1	WP_011563675.1	36.797	231	109	9	5	203	147	372	7.06e-28	107
WP_012505881.1	WP_269479186.1	28.794	257	169	4	220	470	191	439	1.10e-26	110
WP_012505882.1	WP_011563770.1	25.000	480	269	20	2	437	4	436	6.83e-17	80.1
WP_012505895.1	WP_011565603.1	28.792	389	226	17	145	517	70	423	6.60e-24	100
WP_012505896.1	WP_011565590.1	27.200	125	85	2	5	129	4	122	5.88e-07	42.7
WP_012505897.1	WP_011564980.1	39.953	428	231	5	30	436	28	450	7.09e-84	262
WP_012505905.1	WP_041328020.1	30.928	194	130	2	3	193	303	495	3.99e-30	113
WP_012505905.1	WP_041328020.1	29.208	202	132	4	3	194	4	204	1.30e-19	83.2
WP_012505908.1	WP_011563945.1	54.310	348	156	2	6	351	5	351	5.54e-138	393
WP_012505909.1	WP_011564295.1	40.806	397	228	6	1	396	1	391	5.08e-93	281
WP_012505911.1	WP_011565082.1	36.683	199	123	2	2	198	6	203	6.07e-33	117
WP_012505913.1	WP_011565520.1	25.940	266	154	11	10	247	19	269	1.50e-06	45.4
WP_012505914.1	WP_011563565.1	26.157	497	325	16	7	500	5	462	5.96e-22	95.5
WP_012505916.1	WP_011565591.1	26.829	82	59	1	16	97	35	115	4.88e-08	47.0
WP_012505922.1	WP_049761387.1	41.892	592	309	8	1	579	1	570	9.53e-156	459
WP_012505926.1	WP_011564353.1	45.679	162	87	1	4	165	3	163	2.33e-50	156
WP_012505927.1	WP_011564352.1	34.132	167	96	6	20	180	17	175	1.69e-21	83.2
WP_012505928.1	WP_011563048.1	38.462	286	157	7	17	296	4	276	5.99e-52	177
WP_012505929.1	WP_198004890.1	25.455	165	113	2	18	182	20	174	1.98e-14	65.9
WP_012505930.1	WP_011563977.1	49.784	231	114	2	3	232	2	231	1.64e-80	238
WP_012505934.1	WP_011563882.1	37.017	181	102	5	6	186	2	170	3.25e-21	82.8
WP_012505935.1	WP_232203582.1	24.060	266	164	9	7	254	10	255	1.30e-16	74.3
WP_012505936.1	WP_011565130.1	30.723	166	107	3	14	174	68	230	1.66e-18	76.6
WP_012505937.1	WP_011563713.1	27.957	279	181	9	82	352	84	350	5.29e-26	103
WP_012505938.1	WP_011564687.1	40.541	37	22	0	92	128	123	159	3.27e-06	41.2
WP_012505939.1	WP_011564219.1	26.496	351	196	16	3	319	4	326	3.07e-14	68.9
WP_012505940.1	WP_011564490.1	47.157	299	152	3	17	315	4	296	7.58e-92	272
WP_012505946.1	WP_011565776.1	30.189	106	66	4	5	108	2	101	7.82e-10	51.6
WP_012505947.1	WP_011565171.1	25.568	176	118	7	4	173	65	233	9.84e-11	55.5
WP_012505948.1	WP_269479222.1	49.242	132	61	4	7	138	1	126	1.23e-39	127
WP_012505962.1	WP_011564275.1	30.982	326	186	11	4	310	5	310	1.35e-32	123
WP_012505965.1	WP_011565800.1	30.918	207	113	7	71	274	57	236	2.90e-16	73.2
WP_012505974.1	WP_049761420.1	35.000	140	88	2	8	147	65	201	1.23e-19	82.0
WP_012505983.1	WP_011565936.1	42.857	119	64	3	4	121	5	120	1.29e-25	92.8
WP_012505984.1	WP_011564249.1	28.046	517	311	18	255	726	56	556	4.87e-42	161
WP_012505984.1	WP_011564249.1	27.160	243	161	7	152	382	79	317	1.50e-12	67.8
WP_012505986.1	WP_011563801.1	31.325	249	121	7	241	469	147	365	1.35e-15	75.1
WP_012505989.1	WP_011563623.1	31.456	1154	706	25	164	1267	115	1233	2.51e-169	533
WP_012505990.1	WP_011563624.1	35.463	313	161	4	4	276	6	317	1.37e-43	162
WP_012505991.1	WP_011563624.1	48.137	322	162	2	40	361	3	319	2.98e-101	309
WP_012505993.1	WP_198004935.1	35.932	295	159	6	48	342	27	291	5.59e-49	163
WP_012505997.1	WP_011563306.1	21.972	578	339	25	167	706	68	571	4.71e-10	59.3
WP_012505998.1	WP_011566066.1	28.205	117	78	3	91	207	11	121	3.53e-06	45.4
WP_012506000.1	WP_041328286.1	33.595	637	384	19	2	621	3	617	4.51e-88	283
WP_012506000.1	WP_041328286.1	30.882	272	136	7	318	550	2	260	5.16e-24	103
WP_012506005.1	WP_011563675.1	28.814	295	137	13	791	1048	177	435	5.47e-20	90.5
WP_012506009.1	WP_198004786.1	32.353	136	79	5	26	149	28	162	6.12e-11	55.5
WP_012506011.1	WP_011565919.1	33.613	238	144	6	5	232	7	240	6.66e-34	119
WP_012506012.1	WP_011564098.1	27.240	279	185	7	2	273	32	299	2.74e-22	92.0
WP_012506013.1	WP_011564924.1	40.415	193	105	2	3	195	1	183	3.00e-39	131
WP_012506015.1	WP_198004915.1	36.145	83	47	2	130	210	117	195	1.86e-07	49.7
WP_012506016.1	WP_011564310.1	35.942	345	202	6	1	345	1	326	1.73e-78	240
WP_012506017.1	WP_011565134.1	33.607	244	143	8	2	244	3	228	3.35e-31	112
WP_012506018.1	WP_011563893.1	25.000	132	96	2	13	143	4	133	4.68e-09	48.5
WP_012506022.1	WP_011564331.1	49.246	597	298	3	6	601	3	595	0.0	580
WP_012506023.1	WP_011565384.1	34.600	500	284	10	1	500	1	457	8.46e-89	283
WP_012506025.1	WP_041328064.1	32.275	378	232	5	9	372	3	370	3.00e-42	150
WP_012506026.1	WP_011563979.1	52.466	223	96	2	6	228	3	215	3.83e-71	213
WP_012506028.1	WP_232203538.1	44.355	124	66	1	26	149	4	124	1.07e-19	80.5
WP_012506032.1	WP_011564650.1	37.879	132	77	2	2	132	9	136	1.09e-25	91.7
WP_012506033.1	WP_011565871.1	39.437	355	202	3	4	357	2	344	1.43e-84	257
WP_012506037.1	WP_011563833.1	43.243	222	125	1	2	222	5	226	1.58e-55	174
WP_012506038.1	WP_011563832.1	25.773	194	116	3	236	417	678	855	4.00e-10	58.2
WP_012506038.1	WP_011563832.1	27.742	155	104	2	268	415	236	389	3.13e-08	52.4
WP_012506039.1	WP_011563832.1	34.783	138	80	3	278	408	719	853	1.08e-09	56.6
WP_012506039.1	WP_011563832.1	25.747	435	254	19	1	410	1	391	1.89e-08	52.8
WP_012506043.1	WP_011564243.1	40.992	605	333	6	2	594	3	595	2.04e-149	450
WP_012506045.1	WP_156787617.1	45.513	312	165	3	7	313	2	313	1.42e-95	282
WP_012506046.1	WP_011563881.1	31.148	183	117	6	14	194	16	191	7.01e-24	91.3
WP_012506048.1	WP_011565694.1	35.465	172	110	1	8	179	11	181	4.51e-33	113
WP_012506050.1	WP_011564498.1	30.709	381	234	11	62	438	66	420	8.94e-23	99.4
WP_012506051.1	WP_011563828.1	27.751	209	125	9	53	243	368	568	8.31e-10	55.8
WP_012506052.1	WP_011563074.1	43.855	415	221	5	7	416	4	411	1.24e-119	351
WP_012506053.1	WP_011565128.1	35.849	53	29	1	7	59	2	49	2.13e-08	42.0
WP_012506055.1	WP_011565600.1	31.755	359	235	9	30	383	33	386	1.02e-45	158
WP_012506059.1	WP_011564408.1	38.035	397	220	8	31	406	20	411	1.10e-63	208
WP_012506060.1	WP_011563829.1	36.749	283	173	1	15	297	12	288	9.24e-63	198
WP_012506065.1	WP_011564311.1	48.229	367	178	2	13	376	7	364	5.34e-128	369
WP_012506066.1	WP_011564406.1	26.279	430	283	12	10	427	33	440	4.99e-37	137
WP_012506068.1	WP_011564047.1	52.761	489	221	6	3	481	6	494	1.90e-179	509
WP_012506069.1	WP_011564439.1	33.333	177	100	5	7	180	5	166	9.32e-21	81.6
WP_012506070.1	WP_041328184.1	39.077	325	185	6	27	349	36	349	1.30e-47	161
WP_012506071.1	WP_156787707.1	26.538	260	185	4	6	260	1	259	2.96e-21	86.7
WP_012506073.1	WP_011564200.1	32.836	134	85	3	6	138	4	133	1.28e-21	80.9
WP_012506077.1	WP_041328079.1	33.333	69	45	1	1	69	1	68	5.73e-06	44.7
WP_012506079.1	WP_011565776.1	36.364	99	61	1	2	98	5	103	1.27e-10	53.9
WP_012506082.1	WP_011565548.1	44.898	147	76	3	2	145	7	151	1.59e-25	91.7
WP_012506083.1	WP_011563197.1	24.370	238	144	9	11	229	8	228	2.00e-08	50.1
WP_012506084.1	WP_011563225.1	35.974	303	188	3	5	302	4	305	2.53e-54	177
WP_012506085.1	WP_011565364.1	24.584	541	331	23	32	541	53	547	2.56e-25	106
WP_012506087.1	WP_011564568.1	27.706	231	129	10	103	315	119	329	4.48e-10	56.6
WP_012506089.1	WP_041328188.1	30.093	535	288	21	6	500	5	493	4.65e-44	162
WP_012506091.1	WP_156787697.1	35.252	417	249	6	1	407	1	406	1.81e-86	267
WP_012506092.1	WP_011564940.1	45.149	268	142	3	1	267	1	264	2.74e-69	214
WP_012506095.1	WP_011563683.1	44.444	234	129	1	16	249	20	252	1.58e-57	181
WP_012506097.1	WP_011565763.1	42.424	99	50	2	22	113	48	146	2.21e-18	74.7
WP_012506100.1	WP_011564440.1	49.487	390	181	5	4	391	5	380	2.81e-106	315
WP_012506101.1	WP_198004875.1	39.024	82	39	2	162	241	76	148	4.76e-07	45.4
WP_012506113.1	WP_011564965.1	44.800	250	136	1	2	249	5	254	3.35e-70	213
WP_012506115.1	WP_041328265.1	39.474	152	89	2	7	157	10	159	5.23e-32	109
WP_012506116.1	WP_232203520.1	39.298	285	162	3	119	395	94	375	7.76e-55	185
WP_012506116.1	WP_232203520.1	31.765	85	57	1	411	495	281	364	5.47e-06	45.1
WP_012506117.1	WP_011565074.1	43.114	501	233	13	14	490	27	499	1.60e-103	316
WP_012506120.1	WP_041328188.1	56.397	594	253	5	9	602	4	591	0.0	689
WP_012506121.1	WP_198004934.1	36.452	310	178	9	3	307	1	296	3.52e-54	176
WP_012506122.1	WP_011564447.1	36.970	165	96	2	1	164	1	158	5.64e-30	105
WP_012506124.1	WP_011564211.1	29.927	137	94	2	24	160	4	138	4.28e-18	73.2
WP_012506128.1	WP_011563833.1	44.037	218	116	2	6	223	13	224	1.59e-45	149
WP_012506130.1	WP_232203561.1	31.990	397	247	11	10	405	1	375	1.61e-55	188
WP_012506131.1	WP_011564967.1	57.231	325	137	2	4	327	3	326	9.65e-137	388
WP_012506133.1	WP_011564493.1	39.899	396	209	8	2	394	5	374	4.83e-90	273
WP_012506134.1	WP_011563771.1	31.944	216	120	7	7	205	1	206	1.71e-21	84.7
WP_012506135.1	WP_011564494.1	25.641	351	243	9	1	348	1	336	7.06e-31	116
WP_012506136.1	WP_232203486.1	32.117	274	173	6	14	285	1	263	5.59e-35	124
WP_012506138.1	WP_011564071.1	54.149	482	207	5	3	481	6	476	0.0	516
WP_012506139.1	WP_011564112.1	40.559	143	74	4	1	143	1	132	8.63e-27	96.7
WP_012506140.1	WP_011565881.1	38.411	453	259	5	1	434	1	452	1.47e-81	255
WP_012506142.1	WP_011563878.1	33.846	260	164	5	3	257	4	260	3.09e-26	101
WP_012506148.1	WP_011563181.1	32.091	483	324	3	91	573	126	604	5.37e-86	276
WP_012506152.1	WP_011564504.1	36.458	96	60	1	1	96	1	95	3.04e-18	69.7
WP_012506153.1	WP_011564503.1	68.116	69	22	0	1	69	1	69	1.93e-26	89.7
WP_012506154.1	WP_011564271.1	26.174	298	190	15	3	280	5	292	2.91e-12	62.8
WP_012506156.1	WP_011563339.1	27.941	204	122	7	222	405	106	304	2.00e-11	61.2
WP_012506159.1	WP_011564244.1	32.414	290	169	9	1	281	1	272	5.39e-30	111
WP_012506161.1	WP_011563225.1	26.599	297	184	15	17	301	6	280	1.82e-11	60.8
WP_012506163.1	WP_011565076.1	50.000	248	121	2	5	250	2	248	8.59e-73	219
WP_012506167.1	WP_198004870.1	35.294	85	54	1	18	101	22	106	9.49e-13	56.6
WP_012506168.1	WP_232203512.1	30.292	274	185	4	83	354	51	320	7.62e-44	150
WP_012506170.1	WP_011565968.1	25.172	290	155	10	6	257	4	269	1.44e-06	45.8
WP_012506175.1	WP_011566041.1	34.015	391	237	8	13	383	2	391	2.68e-55	186
WP_012506185.1	WP_011564003.1	20.000	260	181	10	13	269	6	241	9.41e-07	47.0
WP_012506186.1	WP_011565855.1	35.106	94	46	6	7	94	9	93	6.39e-08	43.9
WP_012506188.1	WP_011565577.1	30.516	213	145	2	19	229	67	278	1.28e-28	105
WP_012506189.1	WP_232203510.1	45.833	48	25	1	219	266	4	50	5.37e-06	39.7
WP_012506192.1	WP_269479215.1	36.232	138	80	2	190	327	1	130	1.18e-12	61.6
WP_012506197.1	WP_011564459.1	41.694	307	160	5	2	304	4	295	1.50e-67	210
WP_012506202.1	WP_011563140.1	31.802	283	176	4	17	296	17	285	1.63e-28	116
WP_012506202.1	WP_011563140.1	32.022	178	103	5	371	530	284	461	3.55e-06	46.2
WP_012506203.1	WP_011564972.1	39.434	601	333	12	17	600	10	596	7.64e-136	407
WP_012506204.1	WP_011566073.1	22.606	376	275	8	76	441	10	379	1.48e-10	59.3
WP_012506204.1	WP_011566073.1	23.510	302	223	3	66	361	102	401	3.81e-09	55.1
WP_012506204.1	WP_011566073.1	23.361	244	164	3	70	311	211	433	8.99e-06	44.3
WP_012506205.1	WP_011564342.1	32.180	289	167	10	5	282	10	280	2.08e-26	101
WP_012506207.1	WP_041328096.1	34.127	252	160	3	1	252	1	246	4.08e-35	123
WP_012506210.1	WP_011564466.1	36.842	228	130	7	4	226	10	228	2.07e-37	127
WP_012506211.1	WP_011565600.1	32.425	367	226	9	25	383	18	370	2.67e-54	181
WP_012506216.1	WP_011563181.1	32.683	410	265	5	161	566	195	597	6.30e-59	203
WP_012506217.1	WP_011563181.1	29.354	511	337	9	70	567	105	604	3.90e-66	223
WP_012506219.1	WP_041328113.1	36.111	144	90	2	139	281	45	187	1.71e-20	83.6
WP_012506220.1	WP_011563722.1	38.462	104	60	1	83	186	66	165	4.35e-06	42.0
WP_012506222.1	WP_011563779.1	34.400	125	74	4	3	120	21	144	7.20e-12	62.4
WP_012506224.1	WP_011563873.1	33.858	508	309	17	10	503	2	496	3.34e-56	194
WP_012506226.1	WP_198004891.1	37.786	262	159	3	1	262	1	258	3.71e-59	186
WP_012506230.1	WP_011564295.1	30.380	395	257	8	15	402	2	385	8.68e-64	207
WP_012506231.1	WP_011564060.1	49.468	188	89	3	7	193	8	190	2.13e-55	171
WP_012506233.1	WP_269479203.1	43.333	630	353	4	4	632	2	628	8.25e-166	491
WP_012506236.1	WP_011564200.1	31.852	135	84	3	8	140	6	134	2.37e-20	77.8
WP_012506237.1	WP_011563048.1	23.333	630	367	21	26	596	7	579	1.94e-27	114
WP_012506239.1	WP_011564202.1	30.657	137	95	0	1	137	1	137	2.37e-16	70.5
WP_012506240.1	WP_011563286.1	31.197	234	152	5	292	521	548	776	6.90e-20	91.3
WP_012506242.1	WP_041328292.1	31.818	132	73	3	81	212	64	178	1.22e-12	60.8
WP_012506243.1	WP_011564226.1	37.079	267	158	4	1	265	2	260	7.25e-52	167
WP_012506246.1	WP_011563494.1	35.945	217	137	2	1	217	3	217	1.17e-42	142
WP_012506248.1	WP_198004902.1	35.493	355	199	7	43	377	122	466	4.72e-61	204
WP_012506249.1	WP_011563870.1	43.243	74	39	2	334	405	67	139	4.03e-11	58.2
WP_012506250.1	WP_011566087.1	34.084	311	174	6	13	305	10	307	3.15e-50	167
WP_012506251.1	WP_011563984.1	45.977	522	262	10	7	525	3	507	7.90e-145	423
WP_012506252.1	WP_041328113.1	34.555	191	114	3	7	197	6	185	3.93e-34	117
WP_012506254.1	WP_011563779.1	25.333	225	140	10	7	215	21	233	5.33e-09	53.5
WP_012506255.1	WP_011564131.1	33.559	295	162	8	4	283	8	283	6.35e-38	132
WP_012506256.1	WP_011564584.1	29.796	245	163	5	2	241	4	244	1.38e-22	91.7
WP_012506258.1	WP_011563981.1	41.344	491	238	16	2	485	19	466	1.14e-120	359
WP_012506260.1	WP_041329153.1	43.623	1082	558	18	4	1077	2	1039	0.0	875
WP_012506274.1	WP_011566034.1	54.386	342	146	4	3	338	14	351	3.75e-126	363
WP_012506275.1	WP_011566018.1	41.176	289	156	5	1	288	3	278	1.09e-60	191
WP_012506276.1	WP_011566032.1	52.809	178	81	2	1	178	1	175	4.39e-62	187
WP_012506277.1	WP_011566033.1	66.897	290	93	2	1	290	1	287	7.33e-141	395
WP_012506278.1	WP_011563178.1	36.364	110	69	1	364	473	16	124	1.61e-16	72.4
WP_012506283.1	WP_011564238.1	34.815	135	79	4	72	205	31	157	2.45e-08	49.3
WP_012506284.1	WP_041328136.1	26.539	471	268	22	11	448	7	432	2.87e-14	70.9
WP_012506290.1	WP_011563785.1	46.835	632	312	9	1	628	1	612	9.91e-174	504
WP_012506291.1	WP_011563165.1	46.296	54	29	0	89	142	87	140	1.76e-12	57.8
WP_012506294.1	WP_011563704.1	27.941	136	87	2	7	142	333	457	1.13e-12	62.0
WP_012506295.1	WP_011564602.1	36.404	228	135	5	5	225	3	227	3.94e-32	117
WP_012506296.1	WP_011563700.1	43.791	153	85	1	38	189	37	189	1.82e-30	107
WP_012506297.1	WP_011565296.1	49.405	168	81	2	22	188	6	170	1.97e-52	163
WP_012506298.1	WP_011563054.1	27.879	330	212	15	3	320	8	323	2.07e-14	69.7
WP_012506299.1	WP_011563147.1	27.559	127	90	2	450	575	382	507	5.81e-09	55.1
WP_012506300.1	WP_011564524.1	34.586	133	78	4	12	141	6	132	6.01e-11	57.8
WP_012506307.1	WP_011566032.1	52.542	177	81	2	1	177	1	174	5.42e-60	182
WP_012506308.1	WP_011566033.1	67.230	296	94	2	1	296	1	293	3.00e-143	402
WP_012506311.1	WP_011564898.1	27.129	317	192	6	5	310	4	292	1.03e-34	124
WP_012506312.1	WP_011564898.1	27.723	303	196	6	6	296	4	295	1.16e-29	110
WP_012506313.1	WP_011565610.1	22.506	431	314	5	20	436	30	454	3.59e-27	110
WP_012506315.1	WP_011564475.1	33.871	186	100	6	172	352	158	325	4.15e-11	60.1
WP_012506321.1	WP_156787693.1	34.862	218	130	4	572	788	35	241	7.02e-33	124
WP_012506325.1	WP_011565876.1	39.234	209	124	3	73	280	16	222	4.18e-35	127
WP_012506326.1	WP_011563870.1	30.216	139	74	6	44	171	15	141	9.53e-12	57.0
WP_012506329.1	WP_011565777.1	38.076	499	287	6	9	501	7	489	7.26e-116	347
WP_012506330.1	WP_011565143.1	49.756	615	290	8	47	656	10	610	0.0	594
WP_012506331.1	WP_011563243.1	36.036	111	63	4	10	118	140	244	2.31e-08	47.0
WP_012506332.1	WP_011565244.1	32.184	87	59	0	7	93	3	89	2.57e-14	59.7
WP_012506335.1	WP_011564411.1	48.555	173	86	2	3	175	11	180	3.45e-54	167
WP_012506336.1	WP_011564406.1	25.816	337	228	7	15	346	35	354	1.81e-34	130
WP_012506338.1	WP_011563022.1	28.148	405	221	11	21	406	72	425	1.65e-33	126
WP_012506339.1	WP_011564485.1	32.573	307	194	5	3	306	4	300	4.84e-56	180
WP_012506340.1	WP_156787699.1	36.697	327	199	4	42	362	18	342	4.87e-65	215
WP_012506340.1	WP_156787699.1	30.931	333	217	8	209	535	17	342	3.01e-31	122
WP_012506340.1	WP_156787699.1	28.477	302	201	8	154	449	50	342	2.23e-23	99.0
WP_012506341.1	WP_041328269.1	49.863	365	172	3	3	362	1	359	3.09e-125	361
WP_012506342.1	WP_011564581.1	38.996	259	152	3	2	256	1	257	1.53e-54	174
WP_012506343.1	WP_011563318.1	40.154	259	147	4	6	262	9	261	1.60e-44	148
WP_012506345.1	WP_011565720.1	33.663	202	123	5	4	201	1	195	8.96e-31	111
WP_012506348.1	WP_011564657.1	35.056	716	408	13	3	698	11	689	3.16e-104	330
WP_012506352.1	WP_011564403.1	28.873	142	96	2	9	147	59	198	3.22e-11	55.5
WP_012506353.1	WP_011564379.1	55.983	234	101	2	5	236	17	250	2.74e-89	261
WP_012506354.1	WP_041328178.1	36.216	185	107	4	109	286	15	195	1.56e-27	102
WP_012506354.1	WP_041328178.1	48.352	91	47	0	9	99	8	98	1.31e-23	92.0
WP_012506357.1	WP_198004792.1	53.623	138	64	0	12	149	2	139	2.21e-51	157
WP_012506358.1	WP_011564417.1	36.446	439	258	9	3	433	8	433	4.39e-78	246
WP_012506359.1	WP_011564268.1	40.439	319	171	7	6	311	37	349	2.01e-66	211
WP_012506360.1	WP_011565782.1	37.838	74	45	1	14	86	7	80	3.25e-13	55.8
WP_012506361.1	WP_011564400.1	44.536	485	251	7	301	785	255	721	1.25e-114	361
WP_012506362.1	WP_232203509.1	40.934	364	202	8	1	362	6	358	8.63e-77	238
WP_012506365.1	WP_011566073.1	27.338	139	101	0	29	167	282	420	5.94e-13	62.4
WP_012506369.1	WP_198004879.1	35.260	173	101	2	26	198	20	181	6.36e-29	103
WP_012506371.1	WP_011564319.1	39.720	715	402	13	29	731	37	734	1.18e-165	492
WP_012506372.1	WP_041328244.1	54.532	673	292	5	1	673	1	659	0.0	716
WP_012506377.1	WP_011563777.1	39.630	270	146	8	9	269	4	265	4.25e-42	142
WP_012506378.1	WP_011564254.1	26.339	224	149	3	8	229	4	213	1.36e-23	91.7
WP_012506379.1	WP_011564255.1	35.948	459	248	7	181	632	22	441	8.62e-64	214
WP_012506380.1	WP_011565249.1	38.652	282	160	2	17	297	96	365	7.88e-65	204
WP_012506381.1	WP_011564514.1	41.620	901	461	19	6	897	4	848	0.0	649
WP_012506383.1	WP_049761388.1	22.892	166	115	5	41	195	107	270	5.62e-06	42.7
WP_012506384.1	WP_011565047.1	46.332	259	136	1	19	277	1	256	3.06e-78	234
WP_012506386.1	WP_041328291.1	34.100	261	161	3	7	257	2	261	7.67e-49	159
WP_012506392.1	WP_011563729.1	38.912	239	144	2	3	240	22	259	4.85e-56	180
WP_012506394.1	WP_011565171.1	51.835	218	97	3	17	234	29	238	1.18e-74	224
WP_012506395.1	WP_011565055.1	56.757	185	79	1	2	186	3	186	2.49e-73	216
WP_012506397.1	WP_011565972.1	30.435	299	193	9	5	299	1	288	2.46e-26	102
WP_012506398.1	WP_041328253.1	44.853	136	73	2	2	136	1	135	6.40e-30	103
WP_012506403.1	WP_011566086.1	45.815	454	242	1	2	455	3	452	7.42e-146	421
WP_012506406.1	WP_011564632.1	40.845	71	28	1	1	57	1	71	2.06e-12	53.5
WP_012506407.1	WP_011564380.1	41.667	180	105	0	7	186	7	186	3.76e-54	167
WP_012506412.1	WP_011565234.1	48.966	145	74	0	1	145	1	145	8.34e-45	140
WP_012506414.1	WP_011563815.1	37.363	91	57	0	3	93	2	92	3.03e-17	67.0
WP_012506415.1	WP_011564654.1	65.967	429	145	1	5	432	17	445	0.0	602
WP_012506418.1	WP_041327993.1	24.454	229	149	7	9	217	5	229	5.30e-09	52.4
WP_012506421.1	WP_011566073.1	25.333	150	108	2	33	179	85	233	4.73e-10	54.7
WP_012506421.1	WP_011566073.1	30.088	113	78	1	59	171	285	396	6.23e-06	42.4
WP_012506421.1	WP_011566073.1	28.906	128	87	3	54	179	211	336	9.90e-06	42.0
WP_012506422.1	WP_011565817.1	34.505	455	280	7	22	471	23	464	8.64e-82	258
WP_012506423.1	WP_011565816.1	42.355	569	304	9	9	564	11	568	3.01e-140	415
WP_012506425.1	WP_011565813.1	67.491	283	82	1	1	273	1	283	1.69e-145	406
WP_012506426.1	WP_041329283.1	35.410	305	171	9	1	297	1	287	1.20e-33	124
WP_012506427.1	WP_011565811.1	40.041	482	252	13	4	478	17	468	1.66e-90	281
WP_012506429.1	WP_198004926.1	25.234	107	80	0	4	110	24	130	8.01e-07	47.4
WP_012506431.1	WP_011563094.1	28.731	268	155	11	1	244	2	257	1.89e-21	87.0
WP_012506432.1	WP_011566118.1	36.000	300	170	5	1	293	1	285	2.48e-58	185
WP_012506433.1	WP_156787792.1	56.667	240	100	2	1	239	1	237	7.12e-85	251
WP_012506434.1	WP_041328166.1	41.989	181	93	6	8	184	11	183	1.00e-40	134
WP_012506437.1	WP_011564334.1	38.352	352	199	8	10	356	146	484	1.23e-70	225
WP_012506438.1	WP_011564038.1	24.752	202	142	5	18	218	13	205	5.44e-06	42.4
WP_012506439.1	WP_011563828.1	32.622	328	180	11	6	330	6	295	5.70e-31	126
WP_012506446.1	WP_011563729.1	27.826	115	74	3	20	134	284	389	5.86e-06	41.6
WP_012506448.1	WP_011564194.1	31.500	200	128	5	89	281	138	335	2.82e-24	97.4
WP_012506449.1	WP_011563048.1	28.859	596	347	17	8	592	8	537	2.62e-55	196
WP_012506450.1	WP_011563052.1	37.339	233	102	12	35	259	35	231	7.11e-34	120
WP_012506451.1	WP_011563050.1	43.867	481	238	7	12	473	26	493	7.68e-135	395
WP_012506452.1	WP_011563049.1	47.619	294	149	2	1	289	1	294	5.21e-96	282
WP_012506453.1	WP_011565589.1	34.652	935	426	27	186	983	478	1364	5.44e-122	401
WP_012506458.1	WP_011564279.1	31.579	323	208	5	1	316	1	317	1.88e-51	172
WP_012506463.1	WP_011565321.1	32.102	433	275	9	27	443	52	481	2.52e-44	159
WP_012506465.1	WP_011564891.1	52.494	802	376	2	7	807	5	802	0.0	875
WP_012506466.1	WP_011564890.1	29.818	275	168	9	12	281	8	262	4.02e-23	92.4
WP_012506468.1	WP_011564285.1	35.246	244	105	9	25	259	15	214	5.26e-27	101
WP_012506481.1	WP_198004875.1	41.104	163	93	2	9	170	15	175	3.89e-39	129
WP_012506482.1	WP_011563192.1	31.687	243	155	3	3	235	2	243	8.32e-40	134
WP_012506484.1	WP_156787753.1	28.680	394	237	10	25	405	1	363	1.18e-37	139
WP_012506486.1	WP_041328014.1	36.735	245	149	4	19	260	9	250	8.05e-41	137
WP_012506487.1	WP_011564420.1	30.579	121	74	3	317	434	332	445	3.82e-11	61.2
WP_012506490.1	WP_011563732.1	29.299	314	200	7	5	314	10	305	5.85e-39	139
WP_012506491.1	WP_232203546.1	33.051	354	211	11	34	380	17	351	4.24e-40	142
WP_012506494.1	WP_041328127.1	45.697	337	161	7	4	337	3	320	2.20e-83	252
WP_012506497.1	WP_011563054.1	30.645	186	101	6	9	186	4	169	6.72e-11	59.3
WP_012506498.1	WP_011564398.1	31.202	391	258	4	23	409	13	396	7.71e-51	173
WP_012506499.1	WP_049761275.1	24.272	309	204	12	1	288	1	300	1.25e-11	62.8
WP_012506500.1	WP_011563103.1	42.748	262	146	2	29	289	30	288	2.88e-38	133
WP_012506501.1	WP_011565505.1	32.353	102	69	0	3	104	4	105	1.62e-14	62.0
WP_012506502.1	WP_011565141.1	43.846	130	70	3	6	134	4	131	6.63e-27	96.3
WP_012506503.1	WP_011564295.1	38.660	388	231	3	1	382	1	387	2.98e-82	253
WP_012506507.1	WP_011564295.1	39.744	390	232	3	1	389	1	388	3.87e-91	277
WP_012506508.1	WP_011564455.1	33.600	250	133	12	22	263	15	239	3.36e-26	99.8
WP_012506509.1	WP_011563044.1	37.143	105	60	3	5	109	4	102	3.48e-16	68.2
WP_012506511.1	WP_011564219.1	30.056	356	185	15	6	329	4	327	2.85e-20	86.7
WP_012506514.1	WP_011563623.1	31.121	1160	703	31	161	1264	114	1233	1.06e-163	518
WP_012506515.1	WP_011564508.1	42.342	333	186	3	17	345	7	337	1.43e-89	270
WP_012506519.1	WP_011563623.1	31.528	1126	673	31	212	1274	146	1236	5.38e-148	476
WP_012506522.1	WP_011565263.1	38.938	113	68	1	12	123	17	129	2.79e-21	80.5
WP_012506528.1	WP_011565423.1	26.730	318	207	9	16	324	9	309	1.29e-30	114
WP_012506539.1	WP_011565553.1	30.952	84	57	1	8	91	9	91	9.98e-06	43.5
WP_012506540.1	WP_011564085.1	31.000	200	112	4	3	198	17	194	1.80e-20	84.3
WP_012506543.1	WP_011564406.1	39.059	425	241	6	7	431	33	439	6.99e-83	258
WP_012506544.1	WP_011564334.1	34.127	126	78	3	9	133	5	126	3.64e-19	81.3
WP_012506545.1	WP_011563106.1	42.820	383	193	9	6	377	3	370	1.86e-88	270
WP_012506546.1	WP_011563732.1	42.333	300	157	6	7	301	11	299	7.23e-71	218
WP_012506547.1	WP_011564401.1	25.088	283	181	10	14	284	21	284	7.39e-10	55.5
WP_012506551.1	WP_011564056.1	32.609	414	265	7	18	426	21	425	2.44e-61	202
WP_012506552.1	WP_011564511.1	46.212	132	71	0	1	132	1	132	1.85e-39	126
WP_012506553.1	WP_011565241.1	35.217	230	140	4	64	289	50	274	1.44e-32	121
WP_012506555.1	WP_011563060.1	25.287	174	126	4	166	336	194	366	6.93e-07	47.0
WP_012506556.1	WP_011564492.1	31.416	226	138	6	23	245	21	232	1.41e-24	94.7
WP_012506557.1	WP_011564601.1	30.734	218	115	9	5	220	35	218	5.55e-13	62.8
WP_012506560.1	WP_049761228.1	31.016	187	101	4	21	201	28	192	3.41e-12	66.2
WP_012506569.1	WP_011564651.1	50.673	223	110	0	1	223	1	223	5.22e-73	218
WP_012506570.1	WP_011564268.1	24.542	273	165	12	3	260	144	390	4.11e-06	43.9
WP_012506571.1	WP_011563593.1	27.458	539	320	12	1	528	1	479	3.67e-52	181
WP_012506572.1	WP_011563594.1	26.185	443	274	9	10	403	3	441	2.97e-35	132
WP_012506573.1	WP_011564779.1	34.314	102	65	2	1	100	1	102	9.87e-13	55.8
WP_012506574.1	WP_011563974.1	46.919	422	223	1	13	433	2	423	2.79e-136	395
WP_012506575.1	WP_011564417.1	28.659	164	102	7	26	179	182	340	3.85e-06	42.7
WP_012506576.1	WP_011565131.1	40.988	405	203	10	21	414	19	398	1.49e-100	306
WP_012506579.1	WP_011565086.1	48.305	118	61	0	1	118	1	118	2.93e-35	115
WP_012506580.1	WP_041329099.1	39.739	307	173	4	8	312	6	302	1.69e-75	231
WP_012506581.1	WP_011565088.1	46.305	203	106	2	1	203	1	200	1.83e-64	194
WP_012506582.1	WP_011565089.1	57.407	108	46	0	19	126	27	134	3.42e-47	145
WP_012506583.1	WP_011565090.1	52.500	120	57	0	2	121	3	122	8.18e-43	134
WP_012506584.1	WP_011565091.1	73.611	72	19	0	1	72	1	72	1.49e-39	121
WP_012506585.1	WP_011565092.1	43.969	257	135	2	1	257	1	248	2.03e-68	209
WP_012506586.1	WP_011565094.1	44.444	432	225	7	6	433	4	424	1.23e-117	347
WP_012506587.1	WP_011565095.1	40.789	152	76	5	1	143	1	147	7.30e-27	96.7
WP_012506588.1	WP_011565096.1	43.860	57	32	0	5	61	3	59	5.27e-12	51.6
WP_012506589.1	WP_049761499.1	53.061	147	69	0	16	162	1	147	4.26e-50	155
WP_012506590.1	WP_011565098.1	47.423	97	48	2	23	119	23	116	5.17e-25	88.2
WP_012506591.1	WP_011565099.1	47.458	177	93	0	1	177	1	177	1.92e-53	165
WP_012506592.1	WP_011565100.1	53.488	129	59	1	1	128	1	129	6.03e-41	129
WP_012506593.1	WP_011565101.1	68.182	44	14	0	46	89	18	61	1.43e-15	61.6
WP_012506594.1	WP_011565102.1	60.112	178	71	0	15	192	1	178	9.87e-80	232
WP_012506595.1	WP_041328262.1	51.515	66	31	1	12	77	5	69	3.82e-18	68.9
WP_012506596.1	WP_011565104.1	67.213	122	40	0	1	122	1	122	3.01e-56	167
WP_012506599.1	WP_011565107.1	70.149	134	40	0	1	134	1	134	5.51e-65	191
WP_012506600.1	WP_011565108.1	48.131	214	101	4	1	207	1	211	2.45e-66	202
WP_012506601.1	WP_011565109.1	46.226	106	52	3	4	108	2	103	1.39e-20	77.4
WP_012506602.1	WP_011565110.1	65.060	83	29	0	1	83	1	83	1.21e-40	126
WP_012506603.1	WP_011565111.1	60.289	277	107	1	1	277	1	274	3.03e-118	337
WP_012506604.1	WP_011565112.1	46.237	93	44	2	5	96	7	94	6.09e-21	77.0
WP_012506605.1	WP_011565113.1	36.508	189	117	2	17	203	17	204	8.32e-32	111
WP_012506606.1	WP_011565114.1	41.584	202	113	2	3	204	4	200	9.03e-51	160
WP_012506607.1	WP_011565115.1	55.340	103	45	1	1	103	1	102	1.07e-38	122
WP_012506608.1	WP_011565116.1	71.000	400	109	3	1	393	1	400	0.0	591
WP_012506609.1	WP_011565117.1	62.185	714	250	5	1	697	5	715	0.0	898
WP_012506610.1	WP_011565118.1	49.315	146	73	1	10	155	12	156	6.40e-49	151
WP_012506611.1	WP_011565119.1	72.727	121	33	0	1	121	1	121	3.29e-63	185
WP_012506615.1	WP_011565610.1	24.545	440	306	6	4	426	36	466	8.68e-27	110
WP_012506616.1	WP_011566030.1	38.053	226	130	4	7	229	4	222	1.29e-32	119
WP_012506617.1	WP_011563377.1	30.075	266	153	10	105	351	92	343	1.95e-11	61.2
WP_012506618.1	WP_011564712.1	40.000	80	48	0	1	80	1	80	8.39e-16	62.8
WP_012506619.1	WP_011565797.1	30.909	110	71	3	37	142	29	137	6.53e-13	59.3
WP_012506620.1	WP_011564502.1	53.310	287	128	5	1	286	1	282	1.86e-70	221
WP_012506622.1	WP_198004911.1	44.491	481	253	6	2	473	12	487	4.74e-150	434
WP_012506624.1	WP_011563664.1	49.769	432	193	6	8	430	89	505	3.51e-129	391
WP_012506630.1	WP_011565697.1	34.783	92	55	2	44	134	194	281	1.77e-07	48.5
WP_012506631.1	WP_011565698.1	41.846	325	169	4	16	331	2	315	5.53e-77	235
WP_012506633.1	WP_011563798.1	46.006	313	155	3	3	313	2	302	6.97e-78	238
WP_012506650.1	WP_011564457.1	51.499	367	170	2	6	370	8	368	1.13e-127	368
WP_012506656.1	WP_011564464.1	33.460	263	165	4	6	264	4	260	1.33e-31	114
WP_012506658.1	WP_011565479.1	31.373	102	69	1	22	122	21	122	4.48e-12	56.2
WP_012506660.1	WP_011565905.1	43.614	321	173	4	1	320	7	320	1.56e-64	209
WP_012506661.1	WP_041329060.1	58.219	146	61	0	4	149	3	148	1.23e-54	172
WP_012506662.1	WP_011564003.1	38.532	327	194	6	15	336	4	328	1.27e-66	209
WP_012506663.1	WP_011563301.1	28.674	279	171	8	11	279	27	287	4.58e-20	84.7
WP_012506676.1	WP_011564592.1	44.633	177	97	1	6	181	3	179	1.16e-49	164
WP_012506678.1	WP_011563340.1	30.769	247	145	5	5	228	6	249	2.60e-31	112
WP_012506687.1	WP_049761236.1	32.749	171	106	4	7	177	11	172	1.20e-23	91.7
WP_012506694.1	WP_041328148.1	28.025	157	102	4	3	155	45	194	4.72e-09	54.7
WP_012506696.1	WP_011565245.1	24.638	138	101	2	15	150	17	153	1.60e-06	43.1
WP_012506697.1	WP_011563712.1	32.673	202	124	4	70	265	48	243	6.72e-28	106
WP_012506698.1	WP_011564433.1	31.818	220	145	2	57	276	59	273	1.98e-32	117
WP_012506700.1	WP_041328378.1	38.667	75	45	1	140	214	104	177	1.77e-06	43.9
WP_012506703.1	WP_198004877.1	53.627	386	172	4	42	426	492	871	1.11e-137	413
WP_012506705.1	WP_011563617.1	35.359	362	189	13	31	367	46	387	4.25e-50	174
WP_012506708.1	WP_011565072.1	32.710	214	105	7	16	228	15	190	6.33e-20	81.3
WP_012506709.1	WP_011563982.1	44.681	329	173	5	3	326	7	331	3.87e-93	277
WP_012506710.1	WP_011563096.1	31.064	470	240	14	1	455	14	414	1.63e-43	155
WP_012506718.1	WP_011565830.1	31.768	362	231	8	15	372	26	375	2.80e-48	167
WP_012506724.1	WP_011565535.1	41.830	153	84	3	64	216	8	155	3.85e-25	98.6
WP_012506728.1	WP_011564751.1	35.507	138	78	5	16	152	5	132	1.05e-16	71.2
WP_012506729.1	WP_083759938.1	27.027	148	105	2	11	157	17	162	6.75e-08	46.2
WP_012506731.1	WP_049761251.1	30.000	140	94	2	6	143	2	139	1.00e-17	72.0
WP_012506733.1	WP_011564881.1	32.653	98	63	3	54	149	111	207	1.93e-07	45.1
WP_012506737.1	WP_011563181.1	29.009	555	327	17	42	559	68	592	1.62e-38	146
WP_012506738.1	WP_049761398.1	39.446	289	167	6	270	553	300	585	7.34e-43	159
WP_012506744.1	WP_011564926.1	27.273	704	422	25	15	670	3	664	4.13e-44	166
WP_012506745.1	WP_011564417.1	28.125	160	106	5	9	163	10	165	1.33e-06	47.8
WP_012506747.1	WP_011563607.1	56.930	938	355	11	4	903	7	933	0.0	962
WP_012506748.1	WP_041328075.1	52.252	111	52	1	7	117	4	113	1.42e-40	128
WP_012506750.1	WP_011564836.1	35.780	218	132	5	7	219	1	215	2.23e-33	116
WP_012506760.1	WP_011563307.1	42.991	107	48	4	83	187	23	118	2.07e-17	71.2
WP_012506762.1	WP_011563047.1	26.357	129	64	4	22	119	38	166	4.14e-06	43.1
WP_012506765.1	WP_011563675.1	29.603	277	130	10	158	389	176	432	3.36e-13	67.0
WP_012506768.1	WP_011563269.1	34.593	344	200	9	4	340	5	330	1.73e-57	186
WP_012506769.1	WP_198004915.1	31.606	193	109	6	18	200	18	197	3.52e-19	80.1
WP_012506770.1	WP_011564637.1	38.837	533	306	6	24	551	26	543	3.92e-129	385
WP_012506771.1	WP_011564501.1	25.359	209	134	5	1	199	1	197	4.90e-16	70.1
WP_012506775.1	WP_011564619.1	27.429	175	123	3	3	176	2	173	1.86e-16	70.1
WP_012506776.1	WP_011564620.1	31.250	160	109	1	12	170	5	164	5.92e-21	81.6
WP_012506778.1	WP_049761289.1	38.007	271	148	8	54	318	9	265	2.21e-42	144
WP_012506781.1	WP_011566025.1	34.286	315	170	8	1	304	1	289	6.07e-47	157
WP_012506782.1	WP_011564467.1	31.982	222	136	6	24	244	41	248	2.31e-27	102
WP_012506786.1	WP_198004865.1	40.039	517	283	12	30	536	43	542	3.92e-110	338
WP_012506789.1	WP_011564468.1	44.828	348	178	4	31	376	23	358	5.00e-83	256
WP_012506790.1	WP_011564469.1	31.871	433	255	12	1	428	1	398	4.97e-58	192
WP_012506793.1	WP_232203561.1	39.865	444	256	8	9	450	1	435	4.63e-95	291
WP_012506794.1	WP_198004936.1	35.260	346	210	6	14	358	1	333	1.85e-49	166
WP_012506795.1	WP_011563022.1	25.984	381	252	8	32	394	61	429	6.15e-32	122
WP_012506796.1	WP_011564474.1	32.974	464	264	11	12	463	3	431	2.78e-41	149
WP_012506797.1	WP_011564475.1	36.391	338	184	6	26	357	2	314	2.24e-56	184
WP_012506799.1	WP_049761352.1	38.877	481	257	8	29	497	26	481	9.50e-84	264
WP_012506800.1	WP_198004937.1	31.048	525	291	17	68	581	91	555	5.31e-62	213
WP_012506802.1	WP_011564479.1	41.772	316	158	10	7	317	6	300	1.28e-56	183
WP_012506803.1	WP_011564480.1	25.478	157	89	2	4	149	8	147	8.45e-15	64.3
WP_012506805.1	WP_011564227.1	35.065	77	50	0	15	91	15	91	1.25e-08	47.8
WP_012506806.1	WP_011564341.1	35.714	322	194	8	16	327	45	363	3.16e-47	160
WP_012506807.1	WP_011564966.1	54.156	397	173	5	1	397	1	388	4.31e-148	422
WP_012506808.1	WP_011564129.1	35.714	98	59	2	42	139	21	114	7.67e-11	57.0
WP_012506811.1	WP_011565146.1	33.992	253	141	9	95	343	138	368	3.25e-24	100
WP_012506813.1	WP_011566073.1	24.390	287	193	5	25	304	124	393	1.11e-08	53.1
WP_012506814.1	WP_011564406.1	26.064	188	129	6	179	360	150	333	6.23e-09	54.3
WP_012506818.1	WP_011563734.1	32.558	301	180	8	34	318	2	295	2.28e-38	135
WP_012506824.1	WP_011564128.1	35.772	123	77	1	1	121	3	125	8.95e-23	83.6
WP_012506825.1	WP_011563484.1	28.947	114	80	1	24	137	210	322	8.73e-16	73.2
WP_012506837.1	WP_269479203.1	35.855	304	158	9	14	301	5	287	6.81e-37	145
WP_012506837.1	WP_269479203.1	32.520	123	60	3	538	658	523	624	2.17e-07	51.2
WP_012506838.1	WP_041328278.1	31.557	244	135	9	7	236	146	371	2.69e-21	90.5
WP_012506838.1	WP_041328278.1	32.787	122	71	4	221	337	28	143	3.46e-07	47.8
WP_012506852.1	WP_011563392.1	31.457	302	186	9	8	296	81	374	7.94e-28	107
WP_012506853.1	WP_011563227.1	36.264	91	49	3	77	164	125	209	7.63e-09	50.4
WP_012506854.1	WP_011565265.1	30.233	215	125	5	350	554	11	210	6.64e-30	114
WP_012506855.1	WP_011566123.1	50.794	63	31	0	15	77	7	69	3.18e-21	76.3
WP_012509535.1	WP_156787792.1	42.276	246	131	6	1	244	1	237	9.13e-47	153
WP_012509538.1	WP_156787582.1	34.021	97	56	3	80	173	100	191	9.15e-09	49.7
WP_012509542.1	WP_011564150.1	33.803	142	82	6	137	276	326	457	8.68e-10	56.2
WP_012509557.1	WP_198004889.1	44.344	221	120	3	1	219	5	224	2.64e-62	191
WP_012509570.1	WP_011564509.1	43.421	152	80	4	17	165	79	227	1.34e-34	117
WP_041702067.1	WP_011563835.1	39.241	79	43	2	10	83	1	79	1.94e-14	59.3
WP_041702079.1	WP_011564417.1	35.542	166	89	6	234	385	183	344	1.36e-14	72.0
WP_041702079.1	WP_011564417.1	33.588	131	82	3	234	362	11	138	2.03e-11	62.0
WP_041702081.1	WP_011563787.1	34.000	100	57	2	30	123	33	129	3.87e-09	48.1
WP_041702085.1	WP_011563735.1	47.619	105	48	2	76	175	40	142	6.88e-25	95.1
WP_041702093.1	WP_011563700.1	41.290	155	88	2	39	193	37	188	3.42e-23	89.0
WP_041702099.1	WP_011565244.1	47.191	89	47	0	1	89	1	89	3.23e-24	84.3
WP_041702107.1	WP_083759928.1	57.692	78	33	0	364	441	209	286	2.25e-23	98.6
WP_041702113.1	WP_011563677.1	29.268	164	113	2	183	346	202	362	1.73e-17	79.3
WP_041702125.1	WP_011565078.1	26.339	448	293	10	3	447	8	421	5.23e-28	112
WP_041702148.1	WP_011564397.1	46.252	707	344	9	3	702	1	678	0.0	604
WP_041702216.1	WP_011564307.1	44.365	559	295	9	2	555	9	556	5.88e-157	457
WP_041702220.1	WP_011563894.1	39.294	906	493	15	163	1032	125	1009	0.0	581
WP_041702251.1	WP_011565645.1	34.146	123	80	1	20	142	23	144	3.35e-17	70.1
WP_041702252.1	WP_041328106.1	27.119	236	141	11	8	230	6	223	3.63e-14	66.2
WP_041702257.1	WP_011565042.1	37.101	345	192	6	15	335	4	347	8.51e-67	210
WP_041702260.1	WP_011564508.1	41.441	333	189	3	6	334	9	339	8.69e-85	256
WP_041702279.1	WP_011563826.1	26.899	316	183	8	481	763	78	378	2.99e-20	90.1
WP_041702282.1	WP_011563976.1	47.917	432	219	3	1	431	1	427	2.01e-141	408
WP_041702286.1	WP_011563616.1	34.165	401	228	9	27	403	43	431	5.84e-63	205
WP_041702287.1	WP_011564922.1	24.176	182	134	2	75	255	22	200	4.36e-08	50.1
WP_041702288.1	WP_011565600.1	37.468	395	233	5	12	401	3	388	3.28e-84	259
WP_041702292.1	WP_011563978.1	40.260	77	38	2	6	80	2	72	2.30e-15	61.2
WP_041702299.1	WP_011565686.1	28.309	272	174	7	5	269	2	259	2.05e-23	96.3
WP_041702306.1	WP_011564419.1	39.648	227	120	7	3	224	2	216	1.03e-34	120
WP_041702308.1	WP_011565814.1	35.102	245	157	2	23	265	1	245	1.13e-40	137
WP_041702315.1	WP_011565681.1	24.390	246	146	7	12	247	6	221	3.97e-07	47.4
WP_041702338.1	WP_011563001.1	25.513	341	235	10	40	371	40	370	1.83e-27	108
WP_041702351.1	WP_011564423.1	27.149	221	151	5	2	222	8	218	6.51e-14	65.5
WP_041702352.1	WP_011563795.1	34.091	132	86	1	13	144	11	141	5.75e-25	90.1
WP_041702354.1	WP_083759923.1	27.586	87	62	1	11	96	2	88	2.00e-08	45.8
WP_041702355.1	WP_011564361.1	50.000	244	121	1	3	245	4	247	1.20e-84	249
WP_041702358.1	WP_011565552.1	27.596	337	222	10	2	324	16	344	1.33e-22	94.7
WP_041702366.1	WP_011565484.1	40.053	377	220	2	2	378	6	376	2.67e-78	245
WP_041702368.1	WP_011563035.1	54.751	442	197	2	1	440	1	441	7.73e-171	484
WP_041702377.1	WP_011563802.1	52.907	516	227	6	4	514	2	506	0.0	555
WP_041702388.1	WP_011564382.1	43.382	136	69	3	137	270	124	253	9.48e-23	90.9
WP_041702398.1	WP_198004914.1	29.762	168	106	1	29	196	42	197	3.59e-20	80.9
WP_041702414.1	WP_011564702.1	30.330	333	196	10	54	375	70	377	6.16e-27	107
WP_041702416.1	WP_011563335.1	55.533	1491	636	12	7	1495	5	1470	0.0	1675
WP_041702421.1	WP_156787792.1	29.921	127	66	4	4	110	5	128	3.58e-09	52.0
WP_041702434.1	WP_011563011.1	28.251	223	142	5	2	218	25	235	2.72e-20	83.6
WP_041702437.1	WP_011564960.1	34.292	452	254	5	7	456	2	412	2.72e-75	239
WP_041702438.1	WP_011564449.1	56.265	407	158	7	3	403	20	412	1.16e-146	419
WP_041702446.1	WP_011563501.1	43.182	88	48	1	2	87	3	90	3.71e-09	47.4
WP_041702449.1	WP_011563103.1	32.461	191	119	3	85	272	97	280	1.49e-10	57.0
WP_041702451.1	WP_011564080.1	35.593	1121	638	18	2	1095	7	1070	0.0	659
WP_041702460.1	WP_011564108.1	41.703	458	239	11	49	503	45	477	2.78e-97	299
WP_041702465.1	WP_156787661.1	25.490	510	320	13	9	464	10	513	1.89e-25	106
WP_041702466.1	WP_011565467.1	58.065	341	141	2	1	340	1	340	3.54e-135	385
WP_041702469.1	WP_011565807.1	37.963	216	125	3	36	251	2	208	1.91e-31	114
WP_041702488.1	WP_011564567.1	45.455	143	74	2	6	147	4	143	2.40e-36	119
WP_041702489.1	WP_011564515.1	34.043	235	97	7	277	460	169	396	4.98e-25	103
WP_041702489.1	WP_011564515.1	44.231	104	56	1	22	123	61	164	8.23e-21	90.9
WP_041702490.1	WP_198004880.1	24.430	307	162	11	64	315	56	347	2.23e-10	57.4
WP_041702498.1	WP_156787714.1	29.661	118	82	1	4	121	8	124	3.03e-14	61.2
WP_041702509.1	WP_011563688.1	38.532	109	62	2	20	127	21	125	1.32e-15	65.5
WP_041702518.1	WP_041328376.1	48.718	156	77	1	131	283	6	161	1.08e-52	167
WP_041702519.1	WP_041328321.1	42.143	700	383	4	9	708	3	680	0.0	529
WP_041702534.1	WP_011564939.1	31.600	250	162	3	2	243	253	501	2.31e-32	120
WP_041702534.1	WP_011564939.1	23.664	131	92	3	124	248	252	380	3.70e-07	47.0
WP_041702535.1	WP_011564938.1	55.140	321	142	1	10	328	5	325	1.74e-127	364
WP_041702540.1	WP_156787582.1	28.511	235	87	6	19	250	34	190	1.21e-23	92.0
WP_041702545.1	WP_232203577.1	48.795	166	83	1	3	166	8	173	2.44e-48	152
WP_041702546.1	WP_011565480.1	33.784	148	82	4	6	152	15	147	5.57e-21	80.9
WP_041702548.1	WP_011565739.1	39.041	146	74	3	6	150	20	151	5.10e-24	88.6
WP_041702550.1	WP_011563838.1	34.866	261	162	6	8	265	3	258	1.70e-35	125
WP_041702560.1	WP_011564377.1	47.718	241	124	1	5	245	8	246	1.25e-78	236
WP_041702561.1	WP_011565079.1	55.285	123	55	0	7	129	8	130	2.73e-35	115
WP_041702610.1	WP_011563715.1	27.203	261	159	8	20	270	20	259	1.10e-18	80.1
WP_041702626.1	WP_011563249.1	28.571	385	246	10	4	381	21	383	2.04e-32	122
WP_049753627.1	WP_011564608.1	39.755	327	181	5	28	353	14	325	2.48e-77	238
WP_049753650.1	WP_198004847.1	25.000	176	122	3	22	192	9	179	1.48e-10	55.8
WP_049753707.1	WP_011563704.1	31.183	186	107	6	16	201	329	493	1.41e-08	50.4
WP_049753713.1	WP_011564571.1	41.071	56	32	1	88	142	319	374	7.15e-07	43.9
WP_049753725.1	WP_011564264.1	49.341	531	261	6	13	538	3	530	2.59e-177	513
WP_081429351.1	WP_011566030.1	26.891	119	84	1	226	344	3	118	3.66e-06	45.4
WP_114617018.1	WP_011564162.1	32.424	330	199	4	3	331	1	307	1.54e-46	157
WP_114618084.1	WP_011564929.1	37.398	246	151	2	2	245	3	247	2.52e-44	150
WP_114618122.1	WP_011563862.1	30.938	320	179	9	225	542	95	374	1.88e-28	115
WP_150084278.1	WP_011564162.1	27.568	185	117	6	94	262	109	292	1.58e-08	51.2
WP_150084299.1	WP_156787659.1	31.434	544	316	12	229	763	50	545	1.06e-74	249
WP_150084304.1	WP_011565480.1	37.705	61	33	2	4	62	11	68	6.17e-06	40.0
WP_150084335.1	WP_011564194.1	25.389	193	128	4	70	251	141	328	4.66e-17	76.3
WP_150084354.1	WP_011564510.1	31.414	191	122	4	6	193	1	185	2.32e-21	83.6
WP_150084377.1	WP_011565003.1	34.831	89	52	2	7	95	25	107	3.41e-08	44.3
WP_150084405.1	WP_011563874.1	36.615	325	179	7	4	323	3	305	8.61e-33	120
WP_150084419.1	WP_011563684.1	40.708	113	60	5	85	192	179	289	2.84e-17	75.1
WP_150084420.1	WP_011564249.1	25.974	462	256	12	323	701	448	906	1.05e-25	109
WP_150084422.1	WP_011565237.1	27.273	220	115	3	318	537	172	346	8.01e-16	75.5
WP_150084426.1	WP_156787716.1	35.714	70	44	1	287	355	2	71	8.83e-06	40.4
WP_150084428.1	WP_156787716.1	35.714	70	44	1	287	355	2	71	8.58e-06	40.4
WP_150084439.1	WP_083760043.1	35.368	639	322	17	17	631	69	640	1.88e-93	303
WP_150084488.1	WP_011563809.1	32.222	90	60	1	4	92	3	92	3.25e-13	60.5
WP_150084520.1	WP_011564150.1	30.435	138	85	5	137	272	326	454	1.43e-07	49.3
WP_167317473.1	WP_011563857.1	25.738	474	291	15	115	577	114	537	3.05e-27	112
WP_167317474.1	WP_011566073.1	22.807	399	263	7	154	517	21	409	5.84e-07	48.5
WP_167317474.1	WP_011566073.1	22.161	361	232	8	188	545	21	335	4.52e-06	45.4
WP_167317477.1	WP_011564249.1	24.040	599	344	16	318	816	440	1027	7.51e-37	146
WP_167317481.1	WP_011566066.1	29.073	313	204	10	116	419	12	315	3.51e-30	117
WP_167317490.1	WP_011566019.1	20.657	213	132	8	117	309	218	413	1.65e-07	48.9
WP_167317491.1	WP_011566031.1	25.098	255	147	9	1	232	15	248	5.78e-16	72.4
WP_167317497.1	WP_011566066.1	23.411	299	203	12	236	525	11	292	2.05e-13	68.2
WP_208597042.1	WP_156787716.1	29.870	77	53	1	221	296	1	77	1.58e-06	42.4
WP_208597046.1	WP_011564598.1	45.404	359	185	4	6	359	5	357	8.19e-106	312
WP_208597051.1	WP_011564616.1	49.892	461	224	3	11	464	27	487	4.57e-164	471
WP_244147953.1	WP_011563020.1	29.762	168	104	4	50	214	447	603	5.59e-08	48.9
WP_244147959.1	WP_011563496.1	33.233	331	177	10	1	320	52	349	2.64e-39	139
WP_244147960.1	WP_011565042.1	23.383	402	239	15	166	566	6	339	2.85e-16	77.0
WP_244147962.1	WP_011563262.1	27.419	248	139	10	401	634	409	629	5.60e-10	59.3
WP_244147964.1	WP_011565475.1	38.661	463	267	7	7	458	5	461	7.98e-101	306
WP_244147965.1	WP_011563286.1	42.999	807	420	14	1	799	1	775	0.0	557
WP_244147967.1	WP_011564249.1	37.215	438	239	7	242	649	303	734	2.54e-73	252
WP_244147967.1	WP_011564249.1	45.714	140	55	2	535	653	767	906	1.67e-30	124
WP_244147968.1	WP_011564294.1	31.522	92	62	1	44	134	29	120	6.44e-09	47.8
WP_244147970.1	WP_011565296.1	39.726	146	85	2	462	606	6	149	1.57e-24	98.2
WP_244147971.1	WP_011563952.1	42.361	144	79	4	465	606	9	150	2.07e-24	97.4
WP_244147972.1	WP_011566034.1	53.488	344	150	4	2	339	12	351	1.31e-126	364
WP_244147973.1	WP_011564398.1	22.422	446	272	11	26	460	13	395	5.67e-10	58.9
WP_244147973.1	WP_011564398.1	26.772	127	85	3	722	844	203	325	1.56e-06	48.1
WP_244147975.1	WP_049761266.1	42.113	691	373	12	7	691	16	685	1.02e-139	423
WP_244147976.1	WP_011565218.1	34.091	220	123	4	53	260	404	613	1.14e-26	108
WP_244147979.1	WP_011566120.1	37.241	145	86	1	31	170	54	198	1.84e-18	77.8
WP_244147980.1	WP_198004818.1	34.085	399	233	5	157	525	1	399	7.25e-55	187
WP_244147983.1	WP_011565478.1	39.344	61	35	1	21	79	22	82	2.09e-08	43.5
WP_244147984.1	WP_011564591.1	27.912	498	295	19	50	504	71	547	5.64e-37	145
WP_244147984.1	WP_011564591.1	30.070	143	84	6	576	707	705	842	8.24e-09	55.5
WP_244147985.1	WP_011565729.1	37.631	287	166	5	1	284	19	295	9.59e-60	189
WP_244147986.1	WP_011564476.1	31.944	432	271	11	31	457	30	443	1.01e-35	134
WP_244147988.1	WP_011565729.1	35.336	283	175	5	18	299	19	294	3.21e-41	142
WP_244147989.1	WP_011565729.1	34.982	283	176	5	18	299	19	294	8.84e-40	138
WP_244147996.1	WP_083760043.1	42.105	171	95	1	61	227	96	266	3.37e-33	122
WP_244147998.1	WP_011564385.1	39.711	277	128	8	16	289	13	253	6.20e-44	158
WP_244147998.1	WP_011564385.1	34.146	123	79	2	534	654	211	333	2.24e-15	74.7
WP_244148005.1	WP_011564422.1	31.792	173	112	3	5	177	7	173	5.37e-18	74.7
WP_244148007.1	WP_011564244.1	26.165	279	173	10	242	507	12	270	6.29e-12	62.8
WP_244148008.1	WP_011565145.1	38.164	207	117	3	36	240	5	202	6.34e-32	121
WP_244148009.1	WP_011565720.1	27.933	179	92	3	30	173	13	189	4.82e-11	57.8
WP_244148018.1	WP_011563583.1	37.979	287	177	1	33	318	12	298	1.65e-62	197
WP_244148019.1	WP_011566043.1	45.229	524	279	4	18	539	2	519	4.20e-163	471
WP_244148027.1	WP_011565336.1	40.964	166	93	3	30	191	35	199	2.96e-32	114
WP_244148030.1	WP_011565806.1	43.890	401	217	5	31	427	11	407	2.11e-92	281
WP_244148032.1	WP_011564169.1	38.202	178	108	2	1	177	8	184	6.77e-29	104
WP_244148033.1	WP_041328171.1	27.559	127	87	3	7	129	14	139	2.44e-06	42.0
WP_244148034.1	WP_011564633.1	56.989	372	157	2	49	419	125	494	3.38e-153	439
WP_244148035.1	WP_011564627.1	52.830	424	172	4	8	431	37	432	6.65e-155	442
WP_244148036.1	WP_011564618.1	47.737	486	250	1	19	500	20	505	3.28e-158	457
WP_244148037.1	WP_083760150.1	53.360	253	111	2	10	255	1	253	2.05e-97	282
WP_244148041.1	WP_011563833.1	45.540	213	101	2	2	204	21	228	1.49e-50	161
WP_244148042.1	WP_011565681.1	22.785	237	168	6	78	309	61	287	2.28e-06	45.1
WP_244148043.1	WP_011563859.1	45.161	217	119	0	237	453	91	307	6.30e-66	211
WP_244148044.1	WP_011564331.1	25.080	311	194	9	42	339	24	308	4.79e-13	67.8
WP_244148044.1	WP_011564331.1	34.737	95	46	2	398	486	481	565	2.30e-08	52.8
WP_244148045.1	WP_011563769.1	38.532	109	66	1	18	126	2	109	3.15e-18	80.5
WP_244148046.1	WP_011564516.1	61.702	188	71	1	14	200	9	196	9.10e-84	244
WP_244148047.1	WP_011564402.1	63.836	318	115	0	5	322	5	322	5.12e-153	430
WP_244148050.1	WP_011564980.1	31.695	407	249	11	24	414	54	447	1.24e-45	160
WP_244148052.1	WP_011563675.1	28.295	258	135	10	79	298	190	435	4.88e-12	62.4
